0
-3.6056529562192194
-2.165452470016853
0.40542158041982695
-2.1426578372198666
3.2054937701294066
-0.3723410926374341
-3.0361108578514724
-4.224216051390384
-2.2423732739698092
0.14822299367114544
-0.8906387354685965
0.9283224896195356
-0.5449415269997064
-3.7778692043958113
1.2586632489543697
-0.23889755324429907
0.4936464701630404
4.041734672806781
-1.1398956106631242
0.06469818933139593
3.8709686612752563
3.255173142313462
7.419195266374963
6.785029570294698
2.9170260367509293
5.010000146665715
3.1321224016434686
4.751906517718718
0.33890401990420094
8.13711371685909
5.442069695203392
-5.070134500910742
4.143103435635353
0.8749856792748372
3.781903715808423
0.26816288327209004
5.17525076361642
0.8300674928625014
8.849229648245508
6.867802062479497
3.9072741953422923
7.285804387628543
7.038984144877833
6.162801124860476
10.370126710504074
5.120812780562777
5.275485904122828
4.95839611281586
8.31687179555449
2.1695139641698127
8.830828858258847
9.745977884615872
8.560988711956265
14.106040750172392
5.39588111840144
10.48726024918193
10.123399294173549
8.440012731656072
15.369102037110578
12.911989766342238
9.307835704275618
16.322116687849284
8.982465679307275
12.42640118332198
13.946967583476571
11.303352179527561
16.876923018278
16.368861575517066
11.707668809207414
17.636792426012633
16.675687538336717
15.104484700686832
14.73165628680761
13.898391385796707
12.196665574796498
18.0694153094507
21.28744311022041
14.379604529981782
18.792095372531875
19.37397754046866
17.58112084741045
19.47889033078905
20.051136477490132
18.000401782652823
21.24982005607977
20.19999998807907
20.199999988079067
17.013830008678532
16.81859393538764
21.22490317806956
24.511507307583404
22.490644980105223
26.082946021446666
21.723533934171858
20.457279746700664
23.697548062774988
28.829424824935682
24.19999998807907
22.486054917523017
22.09229993723347
26.308447938664422
26.669948407624013
23.511317543172503
24.551773412600053
20.011801319975184
26.004933489499553
19.179575819764516
25.94067016726244
28.532218766167148
25.054108839794413
28.461016955696937
28.612682094967212
24.25683253522017
24.19999998807907
28.143407437815632
27.98606980508988
26.881359137217103
25.18541040589265
29.520884521369698
28.219598725438118
26.232471277225205
29.94721207014378
24.249451591487336
28.841480976317364
28.19999998807907
32.01148097042385
24.460388660992134
28.45752691272603
29.75233010024303
26.58697611198319
28.375956315488253
31.240449493325837
28.524746793602027
28.310702241517216
28.66022859650669
30.123412554096557
28.199999988079075
28.460347732972902
26.960002836718296
29.240385982957644
31.972954861492724
29.187311413422204
29.406985263646213
32.25703598926955
29.69075631613113
29.704324536085267
29.998026870513808
30.314247979348472
27.56393833213452
28.852954556656428
28.19999998807907
28.291184926104684
28.199999988079067
28.21959998831153
32.19999998807907
27.041410537736883
28.66036415740274
29.84330748296363
30.795553219533186
26.11575367717215
28.19999998807907
24.19999998807907
27.625038363618224
28.379139489469704
25.26720131684561
30.44756552850228
31.92617928041942
28.218843813985586
27.293559235712287
27.764283057941558
34.1309294111672
28.28485712228869
29.71745229407103
26.51693566142684
29.0460699867034
26.706771123521815
27.823151471480106
31.871466541904798
28.10310823343359
31.06640508946585
28.19999998807907
28.10477951412366
29.690768069532595
28.823351981777986
32.19999998807907
28.611307576517945
27.099018875686223
28.257035989269554
26.288622613481905
29.1955257240968
28.555112335040345
30.953849599555575
31.768705277957885
30.085221762087315
29.630472247658123
26.367062091919102
24.60060808270726
28.854131385850764
26.280279682800863
27.58788180424499
31.104970123186696
27.633816086645194
27.104968144335498
33.82952410901315
28.199999988079075
24.79080728875384
30.221796081014045
28.66036415740274
29.889856914615983
30.712969657733275
26.612258860284832
28.651969341203824
26.84759680769055
32.25703574991965
24.25699467159017
24.07241371862945
24.461014241904635
30.470055992307426
30.087187711235497
28.461016955696934
26.260560438110303
28.802376585023655
28.684025029906774
30.12342092643775
31.24882131599778
28.199999988079067
26.625117060794892
28.19999998807907
26.77284647611158
28.199999988079067
25.057928053858
31.104968339863674
25.214139616441898
31.104969523929206
30.2605604381103
27.583412364130638
24.660361062702897
31.97180735022905
26.927302923769364
29.52949996692488
27.168882904507726
27.929012679198888
30.34865108403431
29.729225806261397
24.199999988079067
29.894729168638154
25.057928294858403
26.2605604381103
24.495128188519438
25.693359555131586
27.116571058935968
