1.7960132360458372
-4.2066125725214984
-5.628974973499985
1.7292856357350606
-8.510784477014731
-9.937554576229253
3.1658684872165797
-12.10950516643908
-14.871509595411492
-7.088324547169256
4.260021118131247
2.9447584878443083
-7.133158308368299
1.2615358621192598
-3.852323419272336
1.0189663512831304
1.2517680162747378
13.514960876399824
10.875625387421678
4.798774176083878
3.9030767855098585
-0.08315060122931506
5.703673230423978
8.199999988079071
8.199999988079071
-0.047037731979055364
10.3800620924411
0.8556829725899991
-1.8253126747833104
6.021816253757439
20.241939197590998
18.114380867779083
20.19999998807907
20.219539994373918
21.938151203353662
24.852585670120654
21.608949960231975
20.93241020084161
22.518938437096203
21.944523658736664
21.838058553207922
20.19999998807907
22.72144098724318
21.45176426228504
20.19999998807907
21.477802416010675
20.034476840746642
22.00020939244046
21.240965083831
24.94009099530055
22.0696044346133
21.3832179102559
21.511997275011357
20.19406277055044
21.80008387635465
20.553741153952995
23.10158843155901
21.608943664088443
20.85377124757515
21.2577550692014
21.302222517405106
21.75805396834204
21.549235899559115
24.37890103992966
19.085479692000963
21.42930835945513
20.459635270377206
23.383225073719775
21.554943444616523
21.20320649022466
24.925176493338483
23.362954232549754
21.89482086159071
22.206457972634865
23.07001316474563
22.77866409862499
22.489603221084295
18.56076889105595
22.161730906098274
23.447427480520485
22.067244409169362
22.04919078260211
21.749489587231107
21.476039915054056
20.199999988079075
20.256947400412493
20.98689113348337
21.679275653962904
20.853651178733834
23.04603309811532
21.8230671742498
21.221021751854025
22.82360833741965
23.37001269822606
21.33620708623595
21.1841392190104
19.528895506528897
22.281505582116765
20.19999998807907
20.943420680006934
21.18518011148398
21.70986904037079
19.766782756855406
21.03681405378194
22.588039901302174
21.622183746940838
21.538881648439414
19.731223853172896
20.219557443633672
20.151136941864472
23.280534906973315
20.537162200471634
19.91588054430457
19.97541739796172
23.241476436513572
20.219431459903717
20.049735378813352
22.025490481680777
21.5117801425677
22.2568581219005
20.19999998807907
21.421726565457163
21.0515669328457
20.55366625692605
22.12485466752239
23.029759205855072
21.52634155874241
20.788112683754424
22.46696457562215
21.651002713477695
21.544402158961972
21.80767874624391
21.734448449306193
22.230759257127332
22.160448628815363
23.7063361848885
21.933602977217213
22.270738694891616
22.85241177460219
21.055762730033017
21.278121628673432
20.604966991101335
22.383105626859027
20.970459889994295
22.398523380603724
21.539752583217677
22.818986926303644
22.47983719955927
20.944288235657876
21.99949537175504
22.91298896308573
21.105377841254
22.107779624246668
21.513987022036822
24.201936166733503
22.221241700123898
23.39684992654539
21.54506536685735
21.498486004545686
22.847494094011232
21.545161885302065
21.21642173523025
22.217954732325907
19.171317027821473
18.943566577005598
20.30685499122717
23.890602313266463
21.09700580293134
21.716991974254647
21.26598183235035
21.948948252145676
22.510629301301798
22.577285655223786
23.360975442593684
22.382690093868717
20.863835539161805
22.776242961162076
22.653757532863008
22.15376017822922
22.716395888543687
19.24170006601649
21.18357982957273
21.608051864131134
23.13336440421741
19.983344351045126
23.17297267286805
22.48232539607141
22.05895101518425
21.54411721382986
23.82071828847181
21.518001837838334
21.95399245725429
23.27430402821179
21.206632517938388
21.184964840520806
23.75184628958776
20.460016168056114
23.374643402158757
21.61913381828049
21.197143243375304
20.544486382229522
22.068490893113392
20.19999998807907
22.07788253771256
21.999948498753383
21.149797020543268
21.581768729921237
19.143657353848347
25.34648291031959
22.971151911495582
20.85392918354338
20.659746744677314
22.01081118057744
23.169863414279533
20.21945219486952
22.504454671713294
21.803772589036353
21.160324206831753
19.058826738469435
20.85378339922479
24.458122404474796
22.808262090166558
22.84576660696437
20.310267921121646
21.582583393098012
21.349802721906777
24.19999998807907
21.64656339120537
22.37258365870292
22.499357317565313
21.699202887457325
18.58839186609054
21.252245164477177
19.574214178524322
22.01615867878254
19.964501553257335
23.60972483378746
21.916067715889582
22.66292098753275
20.94850971602864
21.361654065324984
22.89740483042502
21.992886030819975
21.91265833613377
24.030677000677453
21.932701913344054
20.047844687888173
21.758184679318305
21.661638289507724
20.660076434964452
22.580551940220616
23.178696821413276
21.913439811114102
20.252170994336502
