0.8932312879314672
-2.2836780176465012
-8.308504453305941
0.9615184414227131
2.757513556847293
1.0870755616322394
-2.9113761575844403
-5.087309515464035
0.9202089926653239
1.0370233814863985
1.1338740846714157
0.917067236204682
0.8790351430148877
1.068814502228866
5.314242292930768
0.800000011920929
-2.4940091704637264
0.879807954645944
-2.772687188045566
1.0568957684943863
-1.9545820438478438
-1.78746413981677
0.9864244370527006
1.0394138288555386
-0.3349184568006416
-1.2745407226185077
0.823519597255038
0.9938987296849598
1.439035426536026
1.0015904255659622
0.9634463886729973
4.510819649282796
1.0180579984300397
0.871990702174233
1.2668174729632988
0.8756290958826328
0.9066625007354017
0.9244252996987736
0.9393442457655768
1.1344931100570599
0.8473339897452188
1.1942387090530246
1.0660174477555173
1.1319250735537287
0.9645869308049395
1.0006771079265435
0.9192659977460677
2.1737987262199034
8.489294142396977
0.8732652640507712
0.6984452650412861
0.8363054986614863
0.8069878895889466
0.858082917297775
1.1642887735350453
1.0358923471748533
1.0555028057538052
0.9643484923910381
6.199999988079071
1.1204792002133481
1.1552530663208995
3.4051829898348536
1.079487134268451
6.932627024212607
5.005715828962648
1.1076490504533816
1.008824470162581
0.8952858511403337
7.341166165514514
0.8347313287119749
0.9659361946011287
1.1990249667980843
1.075399939400897
0.8331921221900755
7.093652837381927
7.126082633651746
0.800000011920929
0.9078600335454454
5.105433131216439
1.1562105016780695
0.9119299522071731
9.166542051760372
8.996143858856135
1.199999988079071
9.164043094788152
14.455368074771476
4.998408090097974
3.890654117083111
15.212873851019717
13.586608819723413
4.081857239750624
20.667364011059433
1.110849779561455
1.0219316737387485
1.0857245167207477
7.199999988079071
10.053292964346854
17.905862582202534
0.9841908410345568
1.0140253398200305
9.199999988079071
9.064539685092717
4.185294264233372
1.170980642429846
10.183568862480914
0.9874256360662143
1.1829584211775237
12.895063102865757
1.1319380138173607
17.46176615339646
1.199999988079071
1.199999988079071
1.0169155366997855
3.9400471453061985
1.1504037306268473
1.199999988079071
1.1426225077586327
1.0952289394301498
10.89636017749238
5.087936717046116
1.1713402834340014
1.0851544010734533
10.184482546447452
1.170980642429846
1.158881877429145
13.199999988079071
1.0151518622767495
1.0177961375445195
1.076454854951913
0.9637369964094753
1.0316688346752383
1.139093676462131
22.19999998807907
9.182145024379503
1.05484599656895
15.075414770832113
1.1741821662255698
1.1842470222580945
0.9915003644022455
1.1327035964870031
0.9847675905070671
1.199999988079071
1.199999988079071
1.1829584211775237
0.9899857207302855
1.1772372461948977
1.150499903652515
0.9029710905640504
1.0952289394301498
9.110438422166805
1.1829584211775237
1.149416226710912
1.059037911108235
1.0837083352257078
1.199999988079071
3.9555224124733996
1.1529197086312943
0.8730203112970885
1.1720023246145823
10.93010522987851
0.9012337519830375
1.199999988079071
1.0284113392258605
1.170980642429846
7.094530173682918
1.178405987353232
1.0663732278687506
16.971711695055426
1.0100942152548178
1.1759188524032989
7.973893326278104
16.18041958248198
1.1416176886034421
1.199999988079071
1.093124336982549
1.014938542832407
0.9987099709929723
7.920107268380313
0.8221865465708718
14.079881369471629
1.1233081810261139
1.199999988079071
0.9526074755486356
1.1509160123186977
1.027830733759556
1.199999988079071
0.9165955806721593
6.084953635055325
11.908537748943719
7.095228212414383
5.181446660727119
8.122938896699178
1.104726780543693
1.199999988079071
1.1710784321473415
1.0829106494924021
10.199999988079071
1.1984369738493115
1.199999988079071
21.4909432639979
1.1416274756748934
1.0070846546456933
0.907320239685883
14.08724252580752
1.051253649237204
0.9991815598873102
7.171237324763849
1.1954071997113487
16.116277603433804
1.0882240310981195
1.0797436788702925
1.0876018848518278
1.1497907971798167
18.611833536150534
10.007591574537916
0.9210052935839572
11.061365101307912
16.09218212257116
0.867117215603503
1.0717285303571362
1.163719823716038
1.0661911045773738
18.12987761512425
7.16611232182068
17.068614097881046
8.971768424358274
0.9547052745231631
16.19999998807907
8.199999988079071
0.9525411838303628
1.1751156794077922
25.19999998807907
1.199999988079071
1.199999988079071
1.0487312677908844
1.0643972143942566
17.19999998807907
1.0309412712124395
1.184425992586492
1.1865102199570607
1.199999988079071
1.077126865063446
14.109483510423807
8.198060720039248
6.199999988079071
1.0002023342892836
1.199999988079071
1.199999988079071
1.1096340367474853
14.199999988079073
1.1757801665442544
1.199999988079071
9.985931500582144
1.1957582988509112
14.199999988079071
7.112997763981188
20.72113643639123
16.19999998807907
1.0717713483796818
1.199999988079071
11.066010857819446
0.8738642052563927
24.077781058944993
10.974254652386028
10.198335907654837
1.199999988079071
1.1837601476606257
1.0095046256903832
1.0178394096688548
1.199999988079071
1.0309871884919537
1.0572291163096619
11.199999988079071
17.173187417443167
13.199999988079071
7.199999988079071
5.128093943022705
6.125682103982572
1.0007182984367076
10.14026855509875
1.1540487633490208
1.199999988079071
1.199999988079071
17.678013999226565
9.04678573775821
24.945289045699386
1.159002864031414
1.15679145926191
1.0077284810895943
9.199999988079071
1.1324734891497665
10.047291106397116
1.199999988079071
1.1678013406792316
13.199999988079073
1.0983872755202813
1.0601152228571002
4.199999988079071
1.067794181186918
1.124779120926649
16.180414008304204
0.9429780148967871
1.0467335042035508
1.034084970104395
14.095888443138819
16.143508523832885
0.8931865848412277
9.197436258221643
1.1830545942031914
1.199999988079071
0.9846189723783114
1.1308084935069547
1.0749611659608886
0.9821621055294084
1.093124336982549
10.199999988079071
17.141529211019268
0.890531546974352
12.185213761358499
0.9277605069241639
1.1762650132843429
1.1391849415535589
1.199999988079071
6.903040700744064
5.05699001708645
22.9787416704829
17.05687749596057
1.1805706485677891
8.199999988079071
19.028667047611414
1.1132329401772263
10.148155893086258
0.939463210450358
0.922772372051443
1.1886225258358927
0.9587443649674341
19.981097802089167
1.057939165213838
0.975305554817959
1.1927585472218956
1.0695164214364519
20.753769651381372
12.147700667348243
0.8549039018644902
17.199999988079067
0.9687599586223024
1.0420594893551707
1.1180944911340425
19.10331668687219
1.0053727813506246
9.985552370891478
1.127032199284838
1.1434166417323195
1.122744789123546
1.1187831915143716
1.0211899395718227
9.162068082500895
7.199999988079071
1.001592046329764
17.047495692989237
6.06661120669558
1.199999988079071
15.992503106447195
20.583725719015113
17.83142127497583
0.9923473616578036
4.915736513306567
10.199999988079071
12.931325246412047
17.988722347072308
8.182902167863558
0.9748387370773685
1.0349623510098396
1.0050880731224068
5.199999988079072
1.199999988079071
0.9037446295504499
1.199999988079071
6.199999988079071
6.078505375705561
17.80526498573086
5.160606129814541
7.0990000165661336
1.1889080489499777
1.182221997546332
1.1999999880790713
7.1904662935994565
4.170735837079327
1.1125609761120925
1.0763544336010582
1.0361864226475719
1.15430171687791
9.899925572610119
0.9905183250155143
1.089216460616441
1.1829584211775237
0.9432877671098785
1.0729325091498807
1.199999988079071
11.184336620489123
0.9823028070271238
1.1531622510136437
1.0741728047709858
17.13881737453348
1.142107857400164
19.74879211662011
1.0084306958071423
7.156462190447135
10.199999988079071
0.894117889758693
1.0264692077074355
1.0435072292183403
1.199999988079071
1.199999988079071
0.9300408696851521
11.098383651719871
1.0811739582776037
1.1990249667980843
1.06284907601664
7.901265155290205
1.0379891419844678
18.033423662961845
1.1999999880790713
1.0434065717460017
0.9852562277140163
1.1794999423507067
0.952350275535488
8.199999988079071
1.0330866884700534
1.1972833639010787
1.1648315056672602
1.187380859681065
1.1427248649183068
1.199999988079071
1.12055410011335
1.199999988079071
1.199999988079071
8.199999988079073
1.181369533950339
15.391955144798587
0.9774167383306269
9.168698962369852
1.1142082851139712
3.9771182790880135
1.0975013724180334
0.9280504682492954
1.050003918273219
1.1606349413533419
10.176496245277065
7.199999988079071
1.199999988079071
1.0709606742130124
0.9291255432572509
1.199999988079071
0.9321139589259654
1.0212668088751986
1.1160223616251375
1.1815683716675216
1.0492241076264195
8.181969341338473
15.386260050949836
1.1298100612743407
1.0835509518159623
0.9740171697157797
1.137748385464714
1.053761039705341
1.1988071407540701
5.013269947310574
1.005283710449673
1.198882300639525
0.9584052421420193
1.0625102642204984
1.14624381414374
8.94654225309909
10.067851541954061
1.0473950179356677
1.1728630536306115
15.57937229107923
1.199999988079071
1.0645810253958492
10.983246551674165
1.1983999199001119
8.199999988079071
9.199999988079071
1.199999988079071
1.1570724166429933
14.390261757969535
1.0881597070027684
1.104885805619947
1.1695900676512592
1.199999988079071
0.9643577362350655
4.038552034185874
1.152071078096508
8.199999988079071
0.988833136298668
10.195662883052135
20.13983714217121
25.810400246769433
25.19999998807907
1.1504037306268473
1.159002864031414
1.074762104667495
1.1460727029445716
1.0212224753259669
1.1765212606371516
4.199999988079071
10.094543786200543
7.107835310383829
1.170980642429846
1.1829584211775237
1.199999988079071
1.1957582988509112
1.1774429717837283
13.199999988079071
1.1012320375264475
0.9412376270730899
1.199999988079071
1.199999988079071
1.1990249667980843
1.1374007885114112
1.199999988079071
17.1224246125783
14.071143861061781
0.9882524443487339
1.199999988079071
1.1340411813654487
4.128477620672414
1.1160742720550658
1.1112316451890236
1.001225805612501
1.1957582988509112
1.199999988079071
19.629386367354705
1.1084166406576643
1.198882300639525
16.130728312464157
1.1612978896276178
1.0218584914148456
7.10529211845701
1.199999988079071
1.0633818898729508
1.1279943264357704
1.199999988079071
1.199999988079071
1.199999988079071
8.008910030177264
1.1328229084700197
1.1981251537799835
4.0625045438316665
21.199999988079075
1.199999988079071
16.19999998807907
1.199999988079071
7.0086287747424265
11.199999988079071
8.887882401931568
1.0266064469004288
1.1380926061669034
1.1481948634518355
1.195750574043794
16.188371157425138
1.0441327175891049
1.0683143279706289
1.1118532678320197
1.1356037303952375
6.004578140416502
1.199999988079071
4.08958184639453
4.137187382569702
17.199999988079075
1.1750949306621659
0.8348484522284751
1.0861792047253687
0.9627707769936314
27.750904521101962
24.199999988079067
0.9001304045042018
1.1728393439430163
10.199999988079071
1.199999988079071
21.303847746010995
1.1247295326876228
1.199999988079071
24.809320112490077
10.199999988079071
1.1854716779049483
1.1496530416154438
1.1572842232382992
1.0990713293186327
1.1242630376908695
1.1762650132843429
1.1375080679400598
12.102548918299775
1.0829203118772255
1.1599466072430575
4.01309591793505
4.126623182778335
1.0182507286063713
1.199999988079071
1.199999988079071
8.199999988079071
8.152736076150308
4.123308459454922
21.08654924105712
7.12603847466873
10.052711949948183
1.199999988079071
1.199999988079071
20.510025482928864
1.152384246364566
0.9956851137695497
10.13413564140832
11.190411976538599
9.139632013763412
1.1833623580098172
1.084194308147242
1.183186966791527
1.046737252188691
14.199999988079071
0.9826014531743654
1.037353311520456
1.1235254220331514
1.1434166417323195
0.9299145880967327
7.045456517218557
7.199999988079071
1.1281397330311214
1.092269887794291
0.9573673352026599
0.9979772597627435
12.070483512088707
0.9585754828179478
1.0580902512208474
15.19999998807907
1.0228585365062601
1.199999988079071
1.199999988079071
1.0919946055491763
23.450876770006296
1.0577787972015278
15.113599695339087
1.199999988079071
21.587936734725808
12.163022059183435
3.8598834728304103
1.199999988079071
1.1279961994706427
1.077765656606971
1.1692938148759207
8.152779696031576
1.199999988079071
1.1952732496732499
11.191763126756996
1.0683143279706289
1.199999988079071
12.968063206322793
1.0541769466550452
1.02690475932474
1.1018142286692356
1.0057365218719212
0.982539503379557
20.85187616993898
11.040398856402572
1.180105287174193
0.9972220451405295
0.9630393425877136
1.1751001972768862
25.819186742243918
1.199999988079071
1.199999988079071
12.197236497071572
11.193661762189953
1.055964923715
1.1983346203924157
22.594558878573825
1.0441327175891049
1.1982012022053823
24.1627553676551
1.199999988079071
14.137049547055888
8.199999988079071
20.039050569426877
1.1285867430081344
20.134245522391225
18.18793675811197
1.199999988079071
1.095480408726969
1.113828491867953
1.1971902889199555
15.198508951812983
15.096067540760696
10.062108346082923
0.9230389318461958
1.1903892604024295
0.8750230936305763
0.8614669071738723
1.003016909474405
17.896209373732226
11.199999988079071
0.9915509622399912
1.0826929068882336
1.0211899395718227
14.199999988079071
1.0889711580988997
9.134406149384333
20.26709773681914
17.022988196509182
22.62675040081898
20.390663634039104
1.1648764604266464
17.19999998807907
1.074259770391207
13.19999998807907
1.1234068744147954
11.185677894631562
1.199999988079071
7.170278177693985
0.9985781895016557
1.1060410640185085
1.1382238493796726
0.9975962321529912
1.1313282448395823
26.62435091202419
13.086388468846218
9.091351238204648
19.48165313115452
6.010497453495583
12.069996700214482
1.1575683838937605
21.1850964579178
21.199493626096782
1.0499080728792856
1.199999988079071
7.199999988079071
1.199999988079071
0.9528362917975237
10.199999988079071
18.003302901459918
1.014074620015805
1.1708610361511658
17.96481778288755
8.199999988079071
1.199999988079071
21.105056297914086
1.0873059763870594
11.199999988079071
4.143307551372112
6.095970037295909
9.925481614917235
13.910676422119952
1.0068690361557169
1.0325857947531332
5.19812655239366
1.0454863316213734
1.147006209956782
21.02399201028716
1.199999988079071
19.080699867495763
8.199999988079071
0.9840177725000658
4.199999988079071
1.199999988079071
7.04966921642457
1.0284085414369066
1.1950679536676034
1.199999988079071
1.199999988079071
1.058886422718469
5.199999988079071
1.0778496135144406
1.1461676734204609
1.0199755957921397
0.9154955290278479
1.199999988079071
1.199999988079071
0.9502030431513693
1.199999988079071
0.9838863404609917
1.1180313115563094
1.199999988079071
0.9929021298836193
0.9933657392508743
0.9317657500106612
6.199999988079071
1.0811206731600755
1.1984657928114757
20.60151993890856
19.174468215828178
1.1845417343864166
21.479223224312143
1.0920238510179525
1.1130174080780069
15.095311221712514
20.054026753911376
21.1834728952141
17.190587848269303
14.18995053159758
9.18549081320011
9.199999988079071
9.199999988079071
1.178225767636953
11.071758347844751
1.0556626091857253
1.199999988079071
4.1990448593278416
9.088258633204788
10.03384151462594
