0.8238519563334847
3.903948927623637
1.0309891169099799
1.685429417656274
0.9777081576727338
0.9739572666516656
0.905118035301905
1.199999988079071
0.8831598168966655
0.9667111225652725
-4.151632464224148
-2.898212298469363
1.199999988079071
1.1083809785316283
-0.6201511046190964
-2.5712766706730816
-3.923260637878637
1.0440043789057465
-2.0416539927118613
1.087640050937892
1.0252584100783535
2.501907124557879
-2.4560733616359345
3.74200860601234
3.1986288598906585
-1.6197568898634223
0.8971724869752984
1.0881999670889377
0.9440901637165959
1.1401862409756762
1.0061942674957551
1.0504508555791197
2.717194776638944
0.9698311576888936
7.5224220084631055
2.72597216934314
8.573117721124294
1.1166509158861995
1.1999999880790706
1.009965739391294
1.199999988079071
1.0683881188031863
-2.033035189374514
1.1945680001329357
4.115788241021654
1.085832383628933
0.8486977745567356
4.3534924600359
0.8739368186200827
0.9163950265512628
1.0987153132797283
0.8232216477626936
0.9609860111126366
1.040580548063104
1.0099538957186665
1.1507385170631672
9.026089483241167
1.0001548405097669
1.0180127281633777
1.116367691958931
1.191457003563254
1.1477585189324109
10.029548135571538
1.115075407627664
0.9358215379381155
1.1513431094489206
0.9908250437364206
1.0598508368548385
1.0231202960678512
1.199999988079071
6.199999988079071
0.8802492147161276
0.9756333725773016
7.166560109386202
0.9852262989905616
18.801514232129026
1.0952289394301498
0.9871299639483625
1.199999988079071
1.1999999880790713
1.0882240310981195
1.0935600238590557
1.1984550813400128
1.152318618980314
1.0882240310981195
1.0531197316051548
13.998226888776532
1.1331444673213675
0.9694014509052056
0.800000011920929
1.199999988079071
1.16848354291057
1.1926660670019613
1.0558629175813226
1.199999988079071
1.0947377235827171
1.1261020323938542
1.199999988079071
1.0842741475803874
1.1513428043237903
1.1394560917944783
1.0212068910805407
1.159002864031414
1.1615421721994286
0.8594336982126973
1.1829584211775237
0.983976076204484
1.081164642928757
1.0711523943429948
1.1065389859114547
0.9819154889166373
5.02278900737482
1.1584889898582673
1.1829584211775237
1.0308403325532214
0.9942949290277905
1.1462818336958693
1.058988095915558
1.1970181125216186
1.199999988079071
1.1668441132608005
1.1957582988509112
0.9867364337699673
1.170980642429846
1.0811034291075412
11.199999988079071
1.1829584211775237
1.1689224022528855
0.9955392396661565
1.1786088096780944
1.0339094515551037
1.1257685526451362
0.836168363802222
1.0642684736027639
1.1707333923883696
1.1142126024224719
1.199999988079071
1.158881877429145
1.110849779561455
0.8641939480496499
1.042396781135628
0.9596281071037072
1.1089446851021907
1.199999988079071
1.1165157213614323
1.0436170906889197
1.023223975674441
1.0505017853070782
1.0994329644036616
1.159002864031414
1.0227133474994279
0.9866914319599089
1.1399114110624975
1.1237346678890912
1.1878832958511065
1.1685147325008312
1.110849779561455
1.0972206023395161
1.199999988079071
1.1829584211775237
1.0789583297450447
7.983653414668989
0.9820119576655484
1.199999988079071
1.1492459486057909
1.0893492284140849
1.077124563260739
1.199999988079071
1.1104775331475756
1.199999988079071
1.199999988079071
1.0533537581136212
1.046264031857865
1.1882272233631497
1.1309291197606395
1.1153832565578305
0.9185651335454821
1.0952289394301498
1.1795576263382226
1.1829584211775237
1.1829584211775237
1.1055052018412421
1.1975871419684114
1.0813839182684508
1.170980642429846
1.199999988079071
0.9582442071090902
1.102250644643489
1.1880032412857833
1.199999988079071
1.04848005592188
1.1339420146507346
1.1242063679356833
1.199999988079071
1.16367856680538
1.199999988079071
1.136367711702209
1.199999988079071
1.1926660670019613
1.1504037306268473
1.1348053351941654
1.1504037306268473
1.170980642429846
1.199999988079071
1.1228275573196025
1.1274755480318346
0.9628681168735045
1.1718177382971402
1.1806882901169287
1.1829584211775237
1.0099538957186665
1.0999698513191545
1.0295587227340943
0.9905425207643467
1.1829584211775237
1.159002864031414
1.0251460884368324
1.1384259518791695
0.930927376922408
1.199999988079071
1.170980642429846
0.901429247645813
0.956396334712788
1.1506895065968203
1.199999988079071
1.1504037306268473
1.1829584211775237
1.0709379121875326
1.124543242502003
1.170980642429846
1.199999988079071
1.1348053351941654
1.139093676462131
1.07079691650937
1.159002864031414
1.1419319952770968
1.0071010338648008
1.1072193554336975
1.199999988079071
1.1829584211775237
1.199999988079071
1.029531862810427
1.1039361937648469
1.1461857923970693
1.199999988079071
1.170980642429846
1.0052356929449664
0.957409498478731
1.1661599046076931
1.1161692871133095
1.1386587101480115
0.8602251752627397
1.16832334516526
1.1384259518791695
1.108608947729803
1.1806882901169287
1.081164642928757
1.0414805156043654
1.199999988079071
0.8973102934180248
1.1049045910636195
1.087191250024643
1.1829584211775237
1.1504037306268473
1.1426606120291012
1.1384259518791695
1.0839803269195993
1.1925664626726085
1.170980642429846
1.0994568890155119
1.0103722360801997
1.1432834336266988
1.1441722271227976
1.0746313079657333
1.0210704395944552
1.1679447356108343
1.1829584211775237
1.0339094515551037
1.1264481734807377
1.199999988079071
1.1900339039035543
1.180492510899263
0.9639198630942187
1.1281662275841493
1.1348053351941654
1.1723788455486868
1.159002864031414
1.1592305802163847
1.0931499427804496
1.165017571360012
1.199999988079071
1.199999988079071
1.168127780543617
1.1760651715134114
