0.9407220233488864
-1.7327498253145768
0.9528298319491142
0.8893727412096389
1.0187240937425237
1.0484260174737727
0.9897924089947889
0.9743815798783553
-7.4691357215503675
1.1313005248668297
-0.09975767497416432
0.8986482452511299
1.0005224570123916
0.8615988479074688
-3.8692944751032563
-3.058156249910882
1.0007495935011774
0.8458773037305058
0.9888334731470547
-0.9821603381600141
1.1719905998593554
0.8499368972300911
1.1008028412999087
0.9724667356120267
0.9451107023460918
-3.5739144410714285
-1.800086831113613
0.8949536739352754
-1.2546687935755523
0.8122284732748067
0.9825114959579697
0.9955082529104752
-5.35018933757553
1.0573159771242318
0.9404530944599343
1.0295623719984914
0.9066153392332883
0.8352199561781644
0.9345693043627262
3.1687012408273034
-1.9465829959267311
1.1618267275139615
1.122295918885814
1.1121539447879267
0.9462032370596181
0.8292992921349707
1.085868809580781
-2.999236322797879
-0.7219887843876478
-4.459842830123218
1.199999988079071
1.1304418705403803
1.2901070121135256
1.1177443710878974
-4.049304227644134
8.199999988079071
1.071375765812061
0.9915635095961641
0.9178505045059437
1.10561903403146
0.968520257190641
1.1817733007175513
0.9358405735690143
10.94904761412005
2.666079232138109
1.075428678139763
1.0278778571701206
5.1671170574799605
0.9089916047222508
1.0952504279310427
5.199999988079071
1.199999988079071
1.12528886041618
0.9359893785303429
1.0118629023558825
11.199999988079073
8.607698756687508
1.1351255482568865
1.1966538426931947
0.9812107536799964
0.9597590917640123
8.199999988079071
0.9185225919615805
1.1999999880790713
12.306897074064212
9.199999988079071
1.0499439191498516
13.275128106461302
1.199999988079071
0.9688794956086617
9.092980676636827
1.1546362679576463
0.9871688224308832
8.199999988079071
12.0483299274361
1.199999988079071
15.080103746486177
10.987797232895648
4.050909586665431
0.9482024293123548
9.199999988079071
1.147006209956782
1.199999988079071
14.18011603303482
18.070693806792903
1.195218590404625
1.199999988079071
1.1603624722290915
20.6623186830232
10.199999988079071
1.109407349265052
1.199999988079071
1.075631282045454
1.199999988079071
1.1462238311211728
1.199999988079071
1.0407240864365803
14.025207522465546
1.1990249667980843
1.1930540858974314
9.199999988079071
10.048168691332762
0.9814023070937317
1.1511166320043835
1.03039688777324
0.9986458921661276
1.199999988079071
10.103748540627613
1.199999988079071
5.17841735176993
8.030832380034251
1.1636111621678216
1.169049477545371
1.199999988079071
0.8781117816919715
19.91878927766522
12.36516612599814
3.969827394762487
1.0298329870548661
1.047076109685755
10.091993467126454
7.9910959623422215
1.0927500071609535
1.199999988079071
1.1718510344767266
1.191630634246394
0.906285190239986
14.199999988079071
17.449829514720385
1.0130273520094306
1.1501708648849043
0.9849527631072695
1.0035764772588234
1.199999988079071
12.779224463909175
7.034426736890038
1.0185028606844777
11.511651985610587
0.9988470786578555
5.166804709226113
1.0408039799746254
1.194199773500042
16.501029183536353
0.99457923075789
11.846826570557901
7.980440486030435
1.0125104286415365
1.1539952734994936
9.996550663397501
0.9616763146926985
18.52556176960588
17.03747265819027
1.154018850873971
1.1559769403603122
21.445381288005862
5.141251902305985
1.1561863756471449
1.021059194167621
1.1993215973189513
12.169486354013461
0.9833844170828021
7.199999988079072
1.0332018811718955
1.0463917933191225
1.0976212221934172
0.9774518511802976
1.0046923647944057
1.1755268732085824
1.1837050662625754
1.199999988079071
16.19999998807907
1.1980633094208315
1.199999988079071
1.0969515538227732
1.1747206112613828
1.199999988079071
1.026125202590788
1.188337376578125
15.385864625867683
1.1251506055839051
9.199999988079071
0.9436707031101911
7.199999988079071
1.1980797561118381
1.1309513083797547
12.064164142636297
0.9672690553688944
1.177635398178333
1.0230777043680572
1.0658043887139232
8.131562975827542
1.1611945852602004
18.19999998807907
7.056955399309571
19.1175060125614
1.0139926634652947
28.573069958024217
24.199999988079075
1.0168130072276826
8.094839463273246
1.0710741070217566
0.9720240749252983
6.199999988079072
1.0964507120893492
1.0726494346382387
1.199999988079071
1.163817556804339
1.064456079962289
1.1859815664551303
1.199999988079071
1.0292458975808672
24.475559416854626
1.1239662363412737
1.1931581109831944
1.199999988079071
14.199999988079071
25.911006956354143
0.950090489117563
16.089727685253457
15.189594670250685
1.1027240880176359
0.953714361624912
8.138522622182762
1.199999988079071
1.1118482507514613
1.1047718387500869
6.176214832804487
0.9410844155309717
6.15358714253024
1.0070142965627848
1.057040197573518
1.0996056814261417
1.199999988079071
1.199999988079071
1.1501591817368848
1.1813302510856771
9.199999988079071
25.786278883191727
11.14060090429211
1.060094443399271
4.153125965489403
9.199999988079071
0.9716378348269716
1.07895488341832
1.199999988079071
1.0764364313712873
10.933511519121645
0.9798320863111734
14.199999988079071
13.087289563322972
1.199999988079071
1.199999988079071
1.199999988079071
1.1617421485051829
14.150601621120675
1.1966721603821497
9.995878860895793
1.0133898667608234
0.9825365596285113
1.199999988079071
9.19999998807907
10.199999988079071
1.0974070853623958
1.199999988079071
0.9442912020304812
1.1084868836547792
5.197961087164003
5.059722145694272
9.123750414778026
1.1671397806428079
1.199999988079071
10.199999988079071
17.190922313020565
14.372891744310568
1.199999988079071
0.9877842048193958
1.0888047273105186
12.994337773167985
17.965734281694424
18.05498178797238
10.192426303812926
19.758838135095946
7.199999988079072
8.16129706671294
1.1170317019497895
12.499482394386465
5.891185333806066
1.0568558587438304
15.990454375881153
1.0451979250941836
18.116359789313982
0.9758295527013491
7.100974623577084
16.186507514263614
1.1829079580161639
1.1405536306471278
19.179454396161248
4.199999988079071
1.1059129863134731
13.566075896935835
1.199999988079071
14.335851401970382
9.198588699069681
11.050907185726212
1.1731791331594643
1.1407147826615782
1.199999988079071
6.19999998807907
12.152913979937951
14.028870026120268
1.0557623890908296
1.0032569998634417
13.199999988079071
12.19999998807907
15.18343071954196
1.199999988079071
11.199999988079073
1.199999988079071
18.328407433011613
1.1743735836533304
1.199999988079071
0.9907565122157835
4.1126962852604905
1.0111565518365708
19.183812305771745
1.0378667466083797
1.0703976257111463
1.0407946077661547
1.199999988079071
10.89632847100724
7.956952174556056
20.82425047124875
0.9950517190160646
18.241420624034944
1.1331081436758614
11.45516986360826
10.968211995314359
1.199999988079071
1.0821420735218172
6.940883412097568
4.1153282046535455
1.091344206690274
1.1542071531463705
6.992544741282229
1.199999988079071
8.176895476158752
5.077585067089931
1.199999988079071
1.063689575767475
4.086018071367462
19.590691946263647
1.199999988079071
17.918412708833344
9.024788417987628
11.143899723657729
1.199999988079071
12.928703390450213
0.9263766825129995
7.037956798989534
8.088837152241613
9.045498060332633
1.147938616730277
10.187791376619572
14.744033469154617
1.1385311992517746
1.049939904380719
10.14667693339377
18.267788805271003
1.0058872381103978
1.0334304438180135
1.096395490341971
4.827940050316778
16.94304320597476
4.127512420402174
0.800000011920929
0.964006661991474
1.199999988079071
16.311217577677738
1.1221791952142244
1.1600834407089389
0.9153517098317538
1.199999988079071
12.94453169340145
9.199999988079071
7.199999988079072
10.062634440115765
1.164851893058379
19.96814857216029
10.062394320091848
18.455881871356475
7.930727722553895
1.0563693407284505
16.006869382309397
4.099717970246683
16.19999998807907
1.0999692585540997
12.199999988079071
9.194261274000185
17.29710498598728
1.050003918273219
1.199999988079071
1.199999988079071
1.1785333963137732
1.199999988079071
1.199999988079071
1.0363483009716175
0.8850996650944734
1.092269887794291
0.9959955517134049
5.199999988079071
1.199999988079071
1.1088455918736453
0.9959955517134049
1.1909017931912833
1.1716341674139477
18.12017752022325
6.988408186893485
1.070118053858691
8.144210854915466
8.062406989224467
1.0585975971285935
13.199999988079071
10.941197953488338
1.199999988079071
5.101435321496824
1.199999988079071
17.034255935037784
11.090063491653314
1.089423711259876
19.435336111442474
1.0353659654416116
4.140590771794372
1.199999988079071
19.261642360221167
11.199999988079071
12.989448246942679
1.199999988079071
1.199999988079071
1.1957582988509112
1.0550784897524224
7.199999988079071
1.1035477929947102
1.1906079342588782
0.9287554776625513
1.199999988079071
1.189834276089523
1.0528513432207431
1.199999988079071
1.199999988079071
1.1415545981352535
11.997947989230429
12.961675481275286
1.1813302510856771
0.9849186467572271
0.9066352823719626
1.1541352277583243
10.097960081586153
17.4617691377622
1.1138791812924254
1.199999988079071
10.103213686791872
1.095731659360085
0.9937849920313648
1.1994073042075566
17.146030125221756
1.0419546373361257
1.073899941931902
15.199999988079071
7.199999988079071
6.134943719374754
1.199999988079071
0.9892713054772226
1.0757850976462098
1.0528513432207431
0.9344976962325271
13.934205416508412
9.145549239164312
8.199999988079071
24.19999998807907
27.265717337841515
0.9542238581584386
1.0369410977522078
28.67860565582984
1.199999988079071
1.0403211965604227
1.199999988079071
1.199999988079071
1.1727634985555668
9.169494255321851
1.199999988079071
1.199999988079071
1.1850273478905686
1.1829584211775237
1.199999988079071
0.9187597439151842
1.199999988079071
1.0431398890594523
1.199999988079071
1.199999988079071
0.988176108461222
12.189490105804275
1.1302912901354354
11.121325292014388
1.1829584211775237
1.1829584211775237
1.054151854160134
1.199999988079071
14.98100286740635
1.0499901655564878
0.9517790699495225
1.0536047685814212
1.1439665700864752
1.1762650132843429
1.1717429038785692
11.170355300981397
0.9918881357308196
3.9467836926854223
1.1990249667980843
11.084296788440867
13.199999988079071
1.0647905715618575
1.1858256388999446
1.1003115818231586
1.0614069509897
1.199999988079071
8.891893455117856
1.1643730680181232
1.199999988079071
1.057480240583697
0.9043315543725522
18.073505584958625
1.1142127875608652
1.0235681218672248
12.132941102685596
19.992256449269632
1.0385747197839934
0.9149643839134526
0.9467863664372189
1.1829584211775237
4.199999988079071
0.9846692286435228
1.0448975273140415
10.199999988079071
10.199999988079071
13.162391821715907
8.057228173505559
1.199999988079071
8.979280856067472
1.1345006443115755
1.0886034090604049
1.0438732482168447
1.134304055879514
0.927646276156957
5.199999988079071
1.092618115484864
1.199999988079071
1.1712298803031445
0.9373316368176818
1.0556712954066627
1.197284168359814
1.199999988079071
11.145243546180128
1.159218422696746
0.9883002620583399
1.0388897387489435
0.9741569775881695
20.384179920693782
9.199999988079071
10.13255197591426
4.195579851046205
1.0734433126307352
23.46723245585856
1.199999988079071
7.071881911356332
5.034378605983895
1.1975976673420519
0.8824968876634376
1.0688540548730219
1.0215663153822505
16.021346253480555
10.071537286869862
1.0114522896454146
13.182558106724171
18.834664055308686
14.17957161185788
1.1827776364543832
0.9911809738158548
25.249142725071835
1.1413315577761405
23.15311114975458
7.186781797092408
15.199999988079073
1.199999988079071
12.010964510474906
22.17676841250572
5.043723884691623
4.935427110953128
1.1415028103127476
6.197831173776649
21.52200513572842
22.53397165867816
12.199999988079071
1.1001970242164525
1.114980104025935
1.0494216424622302
21.91657362059265
25.1855506902186
23.94497181454064
8.199999988079071
1.0137805816190097
1.0671006684040716
1.065514615016755
7.199999988079071
14.02873209868433
16.124339420238442
1.1662655617387923
1.1977742777671665
1.199999988079071
0.99457923075789
11.124897190445209
14.19999998807907
1.199999988079071
1.1051546690376326
1.1415028103127476
10.082647433543912
8.013169575739983
10.984353818069835
1.0375162534141142
1.177537366657289
1.1809363411739469
1.1378939444300222
1.0621632973449733
0.9783637745478657
1.0249360875274904
1.159002864031414
9.087173221455767
1.1143992968727774
1.0589442803903024
1.199999988079071
1.1607398486429226
7.199173428292851
5.185199668630958
20.391198728774015
11.126003129526762
5.199999988079071
6.954442217676621
11.199999988079073
23.307419659940628
5.108216505073468
1.1527290905151957
1.199999988079071
0.9921136153078196
1.128697510335044
1.1950679536676034
24.659350833666764
1.1197922339193422
1.1982750905444848
1.0398098451093811
14.676368433026205
0.8092197366058826
7.199999988079071
8.979068483428414
8.234114137757597
1.0654812330522774
12.00117714972681
0.8286551803200243
1.199999988079071
0.8873959001306135
1.089423711259876
1.1199045996303938
1.0219041786778171
1.0106045915787083
8.198536710484387
1.004736694294027
15.05357663867413
1.1275593691666304
9.003896951026938
18.02317865146032
0.9953230802934258
1.0241889613313755
0.9267319842172524
0.9434929532849812
5.878725635140329
0.9085318661028686
1.1462770460571985
0.8818287667665021
6.083884596097429
7.199999988079071
1.199999988079071
16.18790947170898
12.199999988079071
13.566239384422756
10.020302701135963
5.909649374121068
0.922111420251289
11.199999988079071
11.964476105721742
11.439937218953794
1.041172048189815
16.460872841824795
1.078130020892666
1.1022454391337813
1.199999988079071
1.0190656547363512
13.199999988079071
1.0602857668265357
0.9069332591545832
1.1999999880790708
14.199999988079071
0.8833166790279626
0.8986744731449217
0.8753154247646824
1.1942143104970455
4.987537640327587
7.038011273689772
9.906894508023374
1.125222499950602
1.0751569539155463
15.06365786571183
14.796786334546919
4.126561014895764
0.8033610642542781
0.9717815694591876
1.1110542523582332
10.10439399551753
1.1648839060217142
1.051548260351099
1.0666082741440066
1.1282944957842198
1.0733006970713366
1.1975084482692184
1.1172491306153134
18.274172965027823
1.198871360218618
1.1771121194253271
1.0219621626157238
9.908275364605219
1.122285601151563
4.199999988079071
7.929284716954849
19.854606815881752
1.1142125705630161
18.740921422990713
1.199999988079071
20.19999998807907
17.91741132725479
21.148053808640384
1.0200752632540662
13.076298687096552
1.1916723332833499
1.0306749091762373
1.199999988079071
20.19999998807907
15.179795691447943
22.983162234372877
