-4.9443818866111044
0.8511520857379016
0.800000011920929
-1.3556741277098965
-1.5185783915752369
-4.786291696259356
-2.3555791878358256
1.039034920876968
-3.319730199891101
-3.5289968084913594
-0.005799594399663377
-0.5466231308081035
0.9360308659226937
-0.7116830714640678
-5.4258269095097695
-8.29301595777528
1.085764657164834
1.107306988906666
1.1668866111639549
0.8523094633225068
1.199999988079071
0.9103476591429612
1.1999999880790715
0.9726219420567083
1.0436795751410304
1.1777608447942054
7.1447382514964275
1.078206570725913
6.199999988079071
1.1501589179270257
1.1620847703321102
1.1078203829087057
1.1750834493331164
1.0183893062504787
0.922040661923009
0.8967793887088135
1.180618276586756
7.192692397356608
1.1999999880790715
0.9408655676098197
1.0626576659096438
1.0688596591319093
1.0885963982111444
11.090112166446806
0.8089797658279687
1.0786254303495535
0.9679409940298245
0.992533514785924
1.0885963982111444
1.140328663181422
1.1457950528439462
1.0930788831401386
1.0605241925894622
1.187245210706751
1.0147548679783247
1.0688596591319093
1.0688596591319093
1.199999988079071
1.1832007301162866
1.0685056236085066
1.0700262953151722
1.19452835244654
1.1501375968995267
1.0786254303495535
1.0885963982111444
1.1025809858658486
1.110763215694869
0.9665570063635873
1.0700262953151722
1.157070447042157
1.0786254303495535
10.161664939496404
1.172791757916166
0.9897440631908219
1.1636047059278773
0.9904446985609427
1.0943450340866034
1.0885963982111444
1.199999988079071
16.18840686199446
1.170980642429846
1.199999988079071
1.1743336236978967
1.199999988079071
4.168856096298187
1.199999988079071
1.0397306980589947
1.1572842232382992
1.1925183114328557
1.1437103227336665
1.110696800849662
1.190602253191173
1.107187863116549
1.199999988079071
1.199999988079071
1.1827627257777569
1.0381184787782685
1.0269563702900748
1.1762650132843429
1.199999988079071
1.199999988079071
1.199999988079071
1.1572842232382992
1.1312628662536626
1.1762650132843429
1.1558983523829975
1.1685147325008312
1.1769038538843413
1.1504037306268473
1.0269563702900748
1.199999988079071
1.1384259518791695
1.170980642429846
1.160142241842796
1.0092410125612008
1.199999988079071
1.1572842232382992
1.0535097476060638
1.111178967516231
1.199999988079071
1.0885963982111444
1.0885963982111444
1.1504037306268473
1.159002864031414
1.1264481734807377
1.158881877429145
1.0767050077472151
1.199999988079071
1.0843797421117167
1.0885963982111444
1.1138670666807466
1.1632036083002348
1.1672958123892565
1.159002864031414
1.1302663143115823
1.1264481734807377
1.199999988079071
1.0776472852533356
-0.9172778528859074
1.1984728175448254
-0.675949397880065
-3.086716936092265
1.0721161470782887
1.0937347289579855
-2.6497702788979827
-1.8127576607881792
-3.4430165793456937
-7.707458829582285
1.0467633390310478
-5.814198003034431
-8.861281684610766
-3.95936152233333
1.1452937502556244
-3.543235625130322
0.8718095199280355
-2.5951454953559594
0.9795667641420622
-13.854929242449703
0.9377937826336441
0.9503452370758874
-6.723533729753826
-4.308061552215383
1.6704030546426303
0.9093794680176965
4.063090508833584
1.1025099577495294
0.9007588873694538
-0.8035866289356468
1.0108220788172342
-10.235430715756618
-5.676429369989233
-11.134738570083826
-6.853553945973514
-9.295269681275817
-12.341017924573322
-12.187651521186975
1.168846337357536
0.9867897810831083
1.199999988079071
0.8727789685593874
0.9369728772118656
1.1002014612857625
-6.972612364704473
0.8514299050291941
1.188963232561946
1.0198782675577003
0.918579740049644
7.617273376305105
0.8931033234141129
1.1999999880790708
0.9535127216725702
1.035481745050065
0.9369010116784215
1.0028603799198712
1.146599594005316
1.0512282623174378
13.187165608765344
0.92101307526331
0.8824172503269319
0.9617829676521447
0.9086076775231684
9.056413288943336
1.1512166799628125
24.885384460992363
1.0061755724625285
0.9331495715750039
1.199999988079071
1.199999988079071
1.1186743998667175
19.091997158633664
1.1981047566514462
5.19601811075483
1.199999988079071
1.159002864031414
1.124849326622567
20.199999988079064
1.199999988079071
1.199999988079071
1.0786254303495535
1.159002864031414
1.1572842232382992
1.1762650132843429
1.1247295326876228
1.163817556804339
1.0885963982111444
1.1878713731614319
1.069502029214536
1.1762650132843429
1.0688596591319093
1.1762650132843429
1.1762650132843429
1.1572842232382992
1.1697369404692908
1.0361572322367059
1.1925183114328557
1.180492510899263
1.170980642429846
1.1247295326876228
1.1206050337165694
1.1247295326876228
1.1572842232382992
1.1138670666807466
1.1548705765710348
1.1762650132843429
1.1291747571633333
1.1572842232382992
1.16175761787433
1.1271158977144533
1.1572842232382992
1.0200381447946156
1.1572842232382992
1.159002864031414
1.0688596591319093
1.1667960917077163
1.199999988079071
1.0885963982111444
1.0716124472734714
1.1247295326876228
1.0688461412343875
1.1186787154258364
1.0688596591319093
38.19999998807908
1.1437103227336665
1.0786254303495535
1.0280449516071306
1.141863117422736
1.199999988079071
1.1982652451843023
1.1071626703453386
1.199999988079071
1.160550890021319
1.190602253191173
1.159002864031414
1.1572842232382992
1.170980642429846
1.118348269778933
1.0885963982111444
1.159002864031414
1.1762650132843429
1.1762650132843429
1.1138670666807466
1.199999988079071
1.199999988079071
1.159002864031414
1.1652960872708955
1.1572842232382992
1.1982813472859561
1.199999988079071
5.185088645357401
1.054861519602535
1.159002864031414
1.1829584211775237
1.1504037306268473
1.199999988079071
1.0303600816902243
1.170980642429846
1.170980642429846
1.199999988079071
1.170980642429846
1.199999988079071
1.035846743979488
1.0688596591319093
1.170980642429846
1.1829584211775237
1.1829584211775237
1.0885963982111444
1.1271158977144533
1.1384439248362908
1.1762650132843429
1.1138670666807466
1.1829584211775237
1.1918808514319885
1.1138670666807466
1.059536420883076
1.1414084366950905
1.1829584211775237
1.199999988079071
1.0975613680691327
1.159002864031414
1.159002864031414
1.1075279419866164
1.1138670666807466
1.1473847259386458
1.0274671077389426
1.1734182656475478
1.1697369404692908
1.1572842232382992
1.1829584211775237
1.1138670666807466
1.122832036538735
1.1183495516097408
1.0786254303495535
1.1829584211775237
1.199999988079071
1.199999988079071
1.0885963982111444
1.1102019758040123
1.1572842232382992
1.159002864031414
1.199999988079071
1.0918630649941643
1.0688596591319093
1.0179154617910409
1.1829584211775237
1.1025809858658486
12.120956059422548
1.1138670666807466
0.9761747213744694
1.0211821284576454
1.176889494872945
1.199999988079071
1.1313270746743995
1.1102019758040123
1.170980642429846
1.1999999880790708
1.137939035616575
1.1327056803351305
1.1327056803351305
1.0328543245525235
1.0538621951093101
1.1635403976243401
0.9827080544748479
1.0211821284576454
1.149635994660523
1.0173160408123532
19.19999998807907
1.1102019758040123
1.1327056803351305
4.978149850610709
1.1327056803351305
1.1327056803351305
34.96185597653316
1.170980642429846
1.0460249296704442
1.0022770421045215
0.9513894888196845
0.9501533639241715
1.170980642429846
1.0626295477589933
1.0211821284576454
4.1992631010948624
1.072401963364039
26.851266553392016
0.9761747213744694
1.0021913713966657
1.0211821284576454
1.0211821284576454
1.1470395426997135
10.81399736267277
11.115111948799377
0.997259486369547
0.9825206412892018
14.199999988079071
1.1762650132843429
8.0581161140788
0.9602564247880836
1.199999988079071
1.199999988079071
0.9878299894745814
43.75312405589521
34.63650838869181
34.86020398539829
1.1983999199001119
21.19808136241045
1.0178080833305039
35.58006517303782
36.4987474687932
36.596452500530475
1.1971941193767486
9.185495191530592
38.979468580127545
1.0727686971617092
1.199999988079071
36.47050984609646
23.19999998807907
0.9759766711200775
35.511894807798484
11.172390464347197
36.796959634048065
34.44748306161013
36.70158135110019
1.199999988079071
1.092269887794291
36.61903981887693
35.104060064875185
1.0802921062526454
34.08851248597194
34.63789306007152
1.199999988079071
34.34691866014818
35.450847063845174
35.46458314408125
34.40065341332507
35.198379900210455
5.1678535510469175
35.07752281755056
36.2179165346723
42.20795056046254
1.10850934835199
1.199999988079071
36.97431444739552
36.53372248021036
34.688377443946436
37.138436642278684
36.93102687247131
1.199999988079071
24.19999998807907
1.090332178045546
36.8504400154537
1.074473181372165
35.01558593513103
10.19999998807907
1.092269887794291
35.91699289194703
35.10100416797127
35.45251438305979
33.74264481011814
1.10862685127504
36.60670987151031
34.671863611992116
38.57445396411653
34.33602088758116
34.252808314762405
35.66801843718734
23.180485309780725
35.19939881415272
1.0603335373153837
1.0463557849505114
36.38711333321846
36.20900042276715
36.87207378179798
0.9835000802110136
1.0802921062526454
35.08689826476028
30.19999998807907
34.43859469506644
33.99367251127329
35.51876109869808
36.05733695022464
36.88124242606899
10.199999988079071
36.612669629107
1.0727686971617092
36.43555269617329
38.13991362346479
36.57215798405724
36.14745104328475
1.0480098502193576
35.71471464930765
36.27776809603384
37.02035698077259
35.78731525019265
36.62235073544631
20.16452550497367
36.39897165843227
36.96797220340976
1.0263676497849856
1.0746884596499955
1.086794827317467
4.225446656558418
0.9784890935561377
1.1956125435344922
9.40182130397441
1.0309032459556775
1.023319615466425
1.1968502771342173
15.129018695808991
1.0918905842146611
1.199999988079071
5.199999988079071
1.1388991766323049
15.090126414370367
22.126995016680436
25.449032178982886
1.198882300639525
13.190031549880315
16.91630790018462
1.0376292540140923
0.9376746473610751
1.199999988079071
0.9358040216739909
1.199999988079071
25.17722021176686
7.1118805732400485
1.1872113245695686
1.0757337696175049
1.199999988079072
1.199999988079071
1.1978945410212642
1.1983999199001119
5.191099332511277
1.1456946422327126
1.055812643773384
0.9091138442246361
1.100820050507314
7.102267124778738
1.199999988079071
1.199999988079071
1.0776472852533356
1.199999988079071
5.199999988079071
1.199999988079071
0.8733586239233533
1.115138119898098
20.19999998807907
1.199999988079071
1.1782704720022934
0.9028049049615492
18.190227836134437
1.0776472852533356
1.199999988079071
1.0755000415390616
1.0898622188740137
1.055812643773384
1.055812643773384
4.198547762120143
1.1983999199001119
1.1983999199001119
1.1758949457938233
1.123721581045514
1.087698271272894
27.19999998807907
10.199999988079071
1.0397649874119046
1.0200101910175086
18.19769034278579
0.0016140145862969524
0.9752141915212165
8.842594840650388
15.19999998807907
13.199999988079071
1.0397649874119046
1.0200101910175086
1.0397649874119046
1.0520797396973485
7.199999988079071
0.9772927284548655
1.1375093207067568
1.0322981070401105
1.0711060589435237
1.0289148419885854
1.1011658096010755
1.0785536467353771
1.097553384422786
1.075032474871255
1.110101413845546
1.0562536636623512
1.146768793643495
1.0733788664708803
1.0694439196283887
1.0483989724323415
1.0224028440914075
1.0277031768835108
1.0365243999990692
1.1948683052343028
1.0927570265973876
1.0704317814284676
1.0416704453137369
1.015571265524187
6.199999988079071
1.0234804471819192
25.985196063256595
1.157822777810378
1.0781031278146127
5.073551062925047
1.1999999880790713
17.19999998807907
1.1011658096010755
9.199999988079071
1.0019248340081992
1.1159459420687634
1.075032474871255
1.0654373819140976
0.9002495586818273
4.199999988079071
1.199999988079071
7.6702386896823
5.076910370014954
1.0237524439562136
27.44593286771079
0.9793454943057385
0.8036432883179567
1.0217809779476332
1.1657048064193805
1.055812643773384
9.199999988079071
1.199999988079071
5.995012669302905
0.9418943973692664
14.197683741571382
0.9930310811243872
1.0559973490214865
1.0488991427025716
0.8832743688417584
1.054843685939448
1.1125256758571693
1.0198410516214222
1.1035307877953122
5.987866022311073
1.0407741662199486
0.8011830016039312
14.188619330525398
8.385689065110087
0.9308020707959218
1.1115801286251394
1.1189678673888515
1.1020126319225305
20.948247768315433
1.132748190043506
0.9993777405845043
26.301341697665748
10.096845993860557
1.199999988079071
14.929930646429407
1.0606009443877322
1.15349119283534
9.189750309335068
1.0721857513433581
1.0866988119643926
1.1244893921216208
28.007639515596814
0.9510667080798886
10.961533348474461
1.1976837415713817
1.0279803497849294
21.774395188600018
1.182784308297102
1.0083198461634437
1.106059203718291
7.199999988079071
0.9490202946346198
1.0570410672252069
7.13008356307842
21.059276030078
1.075032474871255
27.53643264359511
1.0438680122947335
1.0865597212011884
1.055812643773384
1.0761334364667794
5.199999988079071
5.827580602941491
18.523631342036396
8.637646856893383
0.9102172509770825
1.0600086910932445
1.0735761145385871
1.1999999880790708
1.1551800983097995
1.1126995843091385
1.0973121484874075
1.075032474871255
1.1331580180563363
1.0735761145385871
1.0761334364667794
22.033270191767993
1.016694246907137
1.0165743855368943
1.1081065139193698
1.1999999880790708
1.0755000415390616
13.087647535684944
7.136719348925253
27.278345868339734
5.199999988079071
1.076997118596414
1.1999999880790715
28.061226595347026
1.0843197674746583
26.85697101093831
1.0512641221773769
1.0609784416160604
1.156231327916011
1.1927915199544208
1.098949591516436
0.9847933094470721
16.928722607391812
1.199999988079071
1.1713735094393394
8.199999988079071
11.199999988079073
1.0866019934183235
0.9251252726111105
1.1999999880790713
1.065814123683372
1.0986511641438077
1.100088991051752
1.199999988079071
1.199999988079071
-3.152649631953285
1.199999988079071
14.157906536728138
5.181193640196296
0.9770736123317085
22.406646576482125
13.199999988079073
30.553900988907497
1.1291251507843802
1.100088991051752
1.0691031434875804
6.199999988079071
1.100820050507314
1.1199704366367795
1.0287975357598782
6.199999988079071
1.100820050507314
1.100088991051752
1.100820050507314
1.100820050507314
1.0439497370575446
1.1484196570557486
25.17442260456047
-0.2648956709493031
0.0
12.197683741571382
1.1264481734807377
1.1247295326876228
1.1545742479386993
0.9815436830301727
1.061767873763319
1.0985717734123477
1.1022849730112547
8.199999988079071
8.160337432011247
7.199999988079072
0.9865991234097434
1.054910816430981
1.0538621951093101
0.9921246217938182
16.19999998807907
1.1776657660460081
1.199999988079071
1.0903695540635174
18.185984965453777
1.199999988079071
1.199999988079071
1.199999988079071
1.14280002277187
1.199999988079071
1.1782704720022934
1.1384259518791695
1.170980642429846
1.199999988079071
1.0416704453137369
10.184975640310398
1.1453610016425317
1.1194047318742133
1.1799126174001435
1.1110241902063116
5.173608987101007
7.160950863099598
15.151785126787768
1.1577682424107918
1.199999988079071
1.199999988079071
1.1174363540062913
1.199999988079071
1.199999988079071
1.199999988079071
1.149927198483216
1.199999988079071
1.081363986528878
1.199999988079071
1.1025463051266704
11.174651154667634
1.199999988079071
34.11704349847356
1.199999988079071
1.199999988079071
1.199999988079071
1.199999988079071
1.1636678105705909
1.069502029214536
5.199999988079072
1.199999988079071
1.199999988079071
1.199999988079071
1.1273798785646414
1.1102019758040123
1.195075870579024
1.0975763456643204
1.119693126151513
1.1437103227336665
1.199999988079071
1.1530206494124298
1.199999988079071
1.199999988079071
1.1251431135325616
14.199999988079071
1.199999988079071
17.19362508302651
1.199999988079071
1.1138670666807466
1.10887525334148
1.1363353098353408
1.199999988079071
1.0420355760336681
1.0140052213868949
1.0213075045586337
1.0538621951093101
1.0508395522917497
1.1400824472660223
1.0200101910175086
14.199999988079071
31.35137819805623
1.199999988079071
21.19999998807907
1.199999988079071
7.1788204279505745
1.199999988079071
1.090319893379291
35.56801974740026
9.12318301596058
33.11426680081813
35.95966303510333
1.1019364927155126
1.092269887794291
34.87348735565256
37.67902285517299
1.0583335646295118
32.66092845205257
35.149240687380185
37.144144441658
