0.982817485084831
-1.5710315189319477
0.9024932413700221
-4.030696999756787
1.0810787556704158
-3.4601192201900832
1.1999999880790715
-1.3515618905694515
-1.8284623622621976
-7.933368398864834
-8.944710710591675
1.0017959638913205
-7.3145370808142065
1.0966566560774953
9.325061173853983
8.488728018320135
6.277855192337574
3.6206550616753983
-5.29577944246947
9.193602589202264
0.8631902591394269
0.925733266835472
0.9981038674558316
4.681002891873283
0.9245923282265456
12.199999988079071
1.0345167136726308
10.068156173212646
30.307414699065454
1.0662353621986855
28.19999998807907
19.19999998807907
1.069502029214536
1.187139748149864
33.83360916227622
11.102740173439035
6.142045558310449
27.19999998807907
1.0802921062526454
1.0822051386925942
15.014116417622427
11.199999988079071
4.199999988079071
1.1880946884948251
34.72598444626972
1.1301082717425395
34.56931405037409
11.098641625756464
32.62363375882981
1.199999988079071
22.19999998807907
32.19999998807907
9.199999988079071
28.19423609436018
17.19999998807907
27.113086324446346
33.93660889883475
1.0305049564459714
32.71043803320194
35.001015523633015
25.19999998807907
24.19999998807907
4.049331210418245
20.180405534738526
1.113347623640271
1.199999988079071
1.199999988079071
11.199999988079071
34.683855747559306
30.197443860693078
1.199999988079071
34.76225659476739
18.19999998807907
1.092269887794291
9.117997609849606
34.200798428979155
4.199999988079071
12.199999988079073
26.198548051295802
13.199999988079071
18.19999998807907
4.199999988079071
29.198543900158256
9.199999988079071
19.19999998807907
14.199999988079071
28.90126724465757
4.149734375053882
1.1746733535344576
1.0653155226293674
34.19999998807907
21.179911248225356
11.199999988079071
34.99192119504776
32.19999998807907
4.199999988079071
1.0958698193110248
29.19999998807907
34.63258404650791
16.19999998807907
33.84777854451788
1.092269887794291
27.19999998807907
1.0383731485459413
34.183311792188306
11.199999988079071
11.199999988079071
34.41182270750694
26.19999998807907
1.069502029214536
1.0928275011401052
1.199999988079071
34.52365189542191
35.06147773544538
23.19999998807907
9.199999988079071
1.0802921062526454
1.0520869977173062
1.072827983294164
1.199999988079071
22.189909293535194
4.199999988079071
1.113347623640271
16.19999998807907
1.0978367742369306
4.199999988079071
32.19999998807907
27.098286287664408
1.038807671596961
13.199999988079073
1.1235233422859159
34.445949338198254
32.87563605269456
32.345118754711265
11.072066434809486
1.1824192971793162
35.478911790663766
1.092269887794291
1.199999988079071
23.199999988079075
33.166138755528806
34.281068258209174
11.199999988079071
1.113347623640271
11.135215012308102
9.197527861688286
16.19999998807907
11.199999988079071
35.34435130134177
4.126993370457015
1.0620886251521457
1.0727686971617092
35.36941292990679
30.148127599446042
1.092269887794291
4.158125022452609
6.199999988079071
1.069502029214536
1.1032318127559853
25.199999988079075
34.350205776638916
1.069502029214536
31.125190848541983
11.199999988079071
1.199999988079071
20.195904220191075
4.199999988079071
22.19999998807907
34.66595884453902
35.221323258019716
1.0683143279706289
33.65579679860496
34.85575443313722
20.19999998807907
18.151978929084088
34.12481072232329
34.82815062552332
33.79876599399682
1.069502029214536
1.0802921062526454
0.9950729733903605
21.199999988079075
1.194199773500042
11.19999998807907
30.170534194758652
13.168675822964516
24.07659804582315
1.1734707389574819
17.19999998807907
34.447081221418266
10.022544376875844
31.13966278361624
11.199999988079071
20.19999998807907
1.069502029214536
32.78782404635518
14.199999988079071
1.0683143279706289
33.30304875712203
32.035815728522195
1.092269887794291
4.199999988079071
8.199999988079071
4.199999988079071
13.199999988079071
1.0349887238262694
16.108120371543023
1.0583335646295118
11.199999988079071
24.19999998807907
1.0727686971617092
29.19999998807907
11.191046896274202
1.0878784582284933
11.199999988079071
35.616992430480835
11.07570581453373
4.199999988079071
16.19999998807907
34.68079026815401
16.19931206036012
34.17221530439696
19.19999998807907
4.199999988079071
14.198523430386558
14.199999988079071
27.19999998807907
24.057272307039533
4.199999988079071
9.199999988079071
7.199999988079071
11.199999988079071
18.181653244614584
9.199999988079071
1.193558605169144
1.069502029214536
11.126558432613006
35.4357498370847
33.19999998807907
6.199999988079071
1.1803571274504066
16.145706654155596
11.120591947907577
13.199999988079071
14.172881874193921
1.0870466971988213
33.244886113690114
34.043411077662164
6.199999988079071
4.173243760188009
1.0729538059053172
1.1331168605446216
9.19828879297711
1.0747735524741162
16.19999998807907
1.092269887794291
35.354542211547894
22.19999998807907
11.199999988079071
29.19999998807907
23.19999998807907
35.10845428681323
32.68834704152562
33.150269349590154
9.184554657361225
15.199999988079071
4.199999988079071
11.199999988079071
4.199999988079071
33.936546016201966
4.199999988079071
11.039506624962165
1.199999988079071
1.1620399603532072
9.199999988079071
20.19999998807907
14.199999988079071
1.0662353621986855
33.19520959297195
1.0108047519332704
34.57042545822914
23.19999998807907
33.10046733221967
6.199999988079071
17.19999998807907
1.110882925041535
33.174959140739645
1.072770422753907
1.0288657401101282
0.990804064284551
11.198548134998418
34.506398839716695
24.19999998807907
12.199999988079071
4.199999988079071
33.580325488521936
28.19999998807907
1.199999988079071
13.138075651384494
1.3956136524927794
4.523539265931014
0.8842133156555407
1.1293637847350002
3.8885674192509825
1.1484496001778397
1.136754460120429
5.052542183912488
17.06806091073523
18.516341518261818
1.199999988079071
1.194489635609906
6.1883991633670306
1.199999988079071
1.092269887794291
27.832426400478635
31.564169096963614
1.199999988079071
11.120955742260378
34.41096395038785
4.199999988079071
34.03798954985865
1.132322082942126
21.13354456504774
0.9959955517134049
27.199999988079067
34.26176762387186
12.199999988079071
13.199999988079071
16.19999998807907
33.60436155490024
25.19999998807907
1.199999988079071
1.080146697927748
1.139059717040678
1.0683143279706289
9.199999988079071
4.199999988079071
6.199999988079071
1.1950858456227373
4.199999988079071
6.199999988079071
23.045634222368637
4.184915817125133
1.0727686971617092
1.0683143279706289
19.19999998807907
5.199999988079071
7.199999988079071
1.0772000862853892
33.5839161708936
1.0802921062526454
24.19999998807907
8.199999988079071
7.199999988079071
34.38321363270927
20.19999998807907
19.107871345967567
33.4580335408775
11.199999988079071
1.092269887794291
1.199999988079071
1.0938217306077203
34.98027862799489
1.0732393572065209
0.9949452215920596
1.199999988079071
1.1505397841519411
18.19999998807907
1.171062405906553
9.189333377014442
34.6063987616299
33.10976614624698
1.0727686971617092
0.9873704034503699
1.0746238621871544
4.199999988079071
33.47048916640419
18.19999998807907
1.1946382960475255
11.197746665013277
9.199999988079071
22.197420417593953
23.19999998807907
33.19999998807907
15.199999988079071
30.16492849827854
7.198548099142499
19.1525965635595
33.890223882158764
1.1968252731163171
35.145217448653604
34.25333964990167
20.19999998807907
33.63076598814592
9.131766351849818
4.031374966336209
7.1462742963202
1.0662353621986855
4.199999988079071
11.199999988079071
34.704010875394005
31.195836885705013
11.199999988079071
13.199999988079071
20.19999998807907
26.190028323049148
1.069502029214536
35.04401123043601
34.83520895577185
14.113939076967167
8.199999988079071
14.197384859229352
22.19999998807907
4.199999988079071
34.769953761607596
30.109233173314475
1.0958698193110248
1.092269887794291
4.1798539994555455
26.10397610025079
11.199999988079071
15.199999988079071
34.06032117686809
1.199999988079071
23.19999998807907
1.101980957780515
34.78470801421061
16.19999998807907
4.119541833703847
34.17380527748403
19.19999998807907
22.14970707318904
35.61616103844511
18.19999998807907
4.199999988079071
1.0298024429425383
7.199999988079071
20.19999998807907
1.0477697757263829
9.164140075566818
9.199999988079071
1.199999988079071
16.19999998807907
34.647899175429245
19.19999998807907
1.0847481996389396
33.5840572569478
18.122671689544028
11.199999988079071
20.055525248523427
34.05692225760828
33.19999998807907
25.19999998807907
1.199999988079071
24.19999998807907
16.19999998807907
20.19999998807907
9.199999988079071
1.067611483402869
15.199999988079071
16.19999998807907
32.74007840902084
6.199999988079072
1.1215710766804565
1.0837800301829708
11.199999988079071
1.0683143279706289
16.19999998807907
0.9845282769845187
33.75995845016753
13.199999988079073
11.199999988079071
29.035397367302508
25.199999988079075
1.199999988079071
32.86177366965873
1.0899587111738671
1.0228585365062601
35.62514520364522
1.199999988079071
1.069502029214536
11.09236959333759
1.0665018443070644
1.0764467376242552
1.199999988079071
