1.0044025515785713
-3.331890033221141
-1.0132614883869238
-4.468121128528088
-4.8256671043607815
0.8000000119209292
0.8297111126594245
-7.683743627830378
0.19977241955247327
-4.337576221148648
0.9711479743169047
-5.1902292884245655
-8.14612329978259
-4.1508122953288655
-0.9198737771423742
1.06541471145185
-11.007797281040629
-1.6607546973877336
1.123883044900501
-7.435870698823855
1.1384259518791695
1.0383546902115117
1.0079214193099955
4.2942382435818836
1.0574207502300834
1.1247424979374074
1.171844837799785
1.159002864031414
1.1264481734807377
1.1829584211775237
8.367765554610395
1.159002864031414
1.159002864031414
1.0912992659764729
1.1972415836255443
1.1384259518791695
1.1238656240448768
4.187558091493173
12.199999988079071
10.199999988079071
1.0541152055340954
1.0397306980589947
1.159002864031414
1.199999988079071
1.1713402834340014
1.1676488340565139
14.199999988079071
1.1829584211775237
1.0856596006783077
1.199999988079071
1.170980642429846
1.103503695983241
1.1684743662231247
1.0782950890107785
1.199999988079071
1.199999988079071
1.157683077614116
1.170980642429846
1.199999988079071
1.1732298015410996
1.1668849334784919
1.159002864031414
1.1792488089387079
1.1664972109059253
1.170980642429846
1.1829584211775237
1.1529733159796662
1.129588884602613
1.199999988079071
1.1829584211775237
1.1394609663677124
1.1264481734807377
1.170980642429846
1.1788945085387892
1.1829584211775237
1.199999988079071
1.170980642429846
1.1314929932397513
1.1996404862729833
1.159002864031414
1.159002864031414
1.1713402834340014
1.170980642429846
1.180084559570853
1.1829584211775237
1.159002864031414
1.113347623640271
1.159002864031414
1.1417789331472203
1.1829584211775237
1.1264481734807377
1.159002864031414
1.170980642429846
1.160550890021319
1.1855172653166308
1.116993031713386
1.170980642429846
1.199999988079071
1.1880704721185225
1.1809001819318858
1.1384259518791695
1.0530344718000775
1.1479148376895134
1.142407860901008
1.159002864031414
1.159002864031414
1.1871651824631453
1.1443348043222685
1.1504037306268473
1.1610159705460728
1.147252803331352
1.1319105917359122
1.170980642429846
1.159002864031414
1.1856571138393024
1.1500614828845217
5.199999988079071
1.180492510899263
1.170980642429846
1.199999988079071
1.1384259518791695
1.1384259518791695
16.19999998807907
1.199850502939933
1.1949185518818357
1.199999988079071
1.170980642429846
1.1829584211775237
1.170980642429846
1.199999988079071
1.199999988079071
1.1560216473623188
1.170980642429846
1.199999988079071
1.170980642429846
1.0528923956410163
1.0470758519333923
1.0642684736027639
6.080016300516061
1.1829584211775237
1.1983999199001119
1.1170504385928397
1.199999988079071
1.0712733814691329
1.1685147325008312
1.1829584211775237
1.199999988079071
1.1458410730345114
1.1829584211775237
1.1866290222317
1.0608113887584691
1.1829584211775237
1.1504037306268473
1.1247295326876228
1.1126694745008607
1.1829584211775237
1.170980642429846
1.1728445094742947
1.199999988079071
1.199999988079071
1.1829584211775237
4.148226269001339
1.1125338436319339
1.0350980738842064
1.199999988079071
1.199999988079071
1.199999988079071
1.1264481734807377
1.159002864031414
1.199999988079071
1.199999988079071
1.1829584211775237
1.199999988079071
1.1829584211775237
1.1202704965839514
1.159002864031414
1.1829584211775237
1.162748362871461
1.0829106494924021
1.00254338333353
1.0145211613827159
1.170980642429846
1.1619724224468568
1.0211081021730668
0.9905656055171748
1.0470758519333923
0.9905656055171748
1.0470758519333923
1.0470758519333923
0.9905656055171748
0.8980268690396256
1.0400709424372088
1.0470758519333923
1.0145211613827159
1.1391105272973296
1.0231202960678512
0.9995517175967579
1.0350980738842064
1.0229907575452197
1.174037314536088
1.118348269778933
1.0320979052887433
1.1799394164893222
1.0846752912252957
1.1829584211775237
1.00254338333353
1.0470758519333923
1.199999988079071
1.170980642429846
1.1880032412857833
1.199999988079071
1.199999988079071
1.0231202960678512
1.199999988079071
1.170980642429846
1.1264481734807377
1.1384259518791695
10.118193009741027
1.199999988079071
1.199999988079071
1.199999988079071
1.199999988079071
1.199999988079071
1.166710262197461
1.1283120411072631
1.1504037306268473
1.1787863433576702
1.1504037306268473
10.199999988079071
19.19999998807907
1.199999988079071
1.0729864540196459
1.1689224022528855
1.1572842232382992
1.1508358670558976
1.1924702896469408
0.9723561179824007
1.15743576059706
1.176889494872945
1.159002864031414
1.199999988079071
1.199999988079071
1.1065389859114547
1.1599874464882718
1.199999988079071
1.1829584211775237
1.199999988079071
1.0915661830556966
1.1982828290201724
11.165030406191109
1.1983999199001119
1.1829584211775237
1.147252803331352
1.170980642429846
1.0895645311241937
1.0934365176366994
1.1025809858658486
1.170980642429846
0.9813041343205624
1.199999988079071
