-1.424841802619877
-6.278073562211199
-2.397694249575313
2.2552392257555582
2.4886380441507407
-0.4116806121168928
1.682337662193308
-5.005259161739225
-0.8363886118249664
-4.7969537632640105
0.1999999880790707
-1.1453892698938257
-1.5963055318399149
2.0557767080272664
5.3491583500339726
0.2244478367449752
-3.9156958588224464
3.291835723939349
-0.9240711436740854
-2.104234080717303
-0.24626718580519935
3.6167844433418255
-4.07265390625605
0.5244890079486553
-0.9657569502487542
2.7352400609536214
4.015855577155396
1.4967467185825676
1.1008198010540275
7.08265993395144
0.4315069416521277
-0.19115646965004018
4.459154427288004
-0.04921256474514979
4.8255191250211364
4.24741943420869
7.300797838355943
4.377958246339451
0.8500915510270957
4.199999988079072
9.710567236003378
8.292236333652376
7.764775572282056
0.46155536355236554
7.833796802344144
8.574417675739813
4.1952941494982605
8.199999988079071
7.320995912677622
0.1999999880790711
5.204543622174446
8.199999988079071
8.199999988079071
4.182027993025853
4.199999988079071
4.199999988079071
8.199999988079071
8.199999988079071
4.235966040932636
0.19999998807907104
4.199999988079071
8.199999988079071
0.1999999880790711
4.221854752874141
4.199999988079071
4.199999988079071
0.19999998807907116
10.418797620433612
4.199999988079071
4.199999988079071
4.199999988079071
4.199999988079071
4.199999988079071
8.896088053922506
12.191432693602025
0.19999998807907104
12.199999988079071
8.199999988079071
0.929432355302561
8.922923241756557
8.59428003631238
6.823474860749731
12.199999988079071
5.463927442345642
5.460775595336018
8.689246184784114
12.199999988079071
8.194313048266274
4.199999988079071
10.403947371751718
10.150747093686245
13.909232067296038
14.93587154505359
8.181105174264967
12.714176652820903
18.805188766213014
14.241798031591754
14.304554894390115
8.952832868317047
16.183646253567915
13.52614565591912
10.98962073259547
7.516648404651171
8.208192842110355
8.199999988079071
9.072460319833471
10.53713272467963
12.905835042719573
10.259967515564956
12.199999988079071
14.565209747685286
15.349554511518797
17.810591879613902
12.374582795549934
16.420510460161733
9.898647674294667
18.477532420895997
12.199999988079073
9.453180733202649
16.228930184502318
15.097809748259372
20.199999988079075
17.634460779960634
16.32264549523746
16.446690050966854
16.975742705649594
20.19999998807907
15.882228538164322
20.2187959762281
8.199999988079071
19.506244940008894
26.54391525861132
22.42534212241224
26.92494003492523
23.201420984162507
22.667528722305832
28.199999988079067
22.24178007910505
20.763938398365326
16.238419031593832
24.19999998807907
25.050173844367578
25.47946369001871
24.25702920227485
26.57439330622588
26.259085073617268
20.603582399064248
25.90814688798523
24.538773812872318
24.429157250824588
28.91576417516559
24.199999988079075
29.10632334958218
25.692965670595537
23.24811031536244
24.01603269223247
20.19999998807907
24.19999998807907
20.279161982510637
25.20057967021936
24.555117112890063
22.212047443398866
24.19999998807907
24.19568273969708
20.21734280884266
20.19999998807907
31.767650473628326
27.62723603298957
27.385633608908893
26.770951503762888
30.170265527107276
24.257035983849264
24.364018427458447
20.257019566289856
18.555945928992628
20.30695048564539
24.224727953088653
28.475018614597538
29.749994252873936
28.340719825467026
28.229109995213115
24.648334484236077
26.511821446562216
33.12126277558125
27.626620242492617
28.19999998807907
24.5694622941784
29.927867432989615
31.203655345693655
29.479464534261208
30.95046934650928
21.833216293674894
27.406678870523788
25.0579282948584
20.19999998807907
26.55595856009792
21.168501977996883
28.38314110450096
35.19851373523743
31.41093355620356
27.14402585743361
23.18337028670052
19.310277280338518
21.352815746723127
28.33513110947198
31.680995570419835
32.19999998807907
26.873162339114828
28.19999998807907
24.19999998807907
21.36979818936139
26.2605604381103
28.461016930891734
30.48908714899163
28.627517566099574
36.10015231338069
29.479464534261208
26.59732474175193
26.561184171520285
31.986475759640555
28.257035951495112
29.056477134858405
28.829273664859183
26.404954054086044
16.19999998807907
30.901808253356702
26.404945447168537
30.712611195537587
25.479464534261204
20.19999998807907
28.379139444276557
29.693360203507975
31.25100012810341
33.564171408831804
30.260560438110303
26.512440658124046
27.696612362925013
24.19999998807907
23.967894226856423
28.199999988079067
25.649345926195124
26.555958560097924
31.389027836984067
30.257581070226415
30.716523882458738
27.95303580377639
28.571883698714196
30.668010663294922
26.953827225703645
31.704953385040678
31.59088491099134
