1.9701714088268627
-3.7153351897142226
0.3191898311609165
4.158289353669813
4.646091713882449
-2.731197508958862
3.186880068412428
6.145952358708587
2.6210237232495643
12.028882583686173
6.709432373908553
-14.663873021815638
3.5872633512443857
2.3867476717991774
8.27398726327605
3.5678183180826553
-1.2538185722340955
7.771421550958992
9.881203742961482
12.295180965191758
10.3082892504827
9.824461646399458
8.199999988079071
9.029196590601257
4.199999988079072
4.199999988079071
4.199999988079069
0.19999998807907082
0.19999998807907093
0.199999988079071
0.199999988079071
-0.022764226442403945
4.199999988079071
4.199999988079071
0.19907072941612958
0.19999998807907116
4.3001909708848025
0.28837643614885233
7.737517416027853
0.24972660794073687
0.19999998807907066
4.199999988079071
8.043328485826674
8.192425519738674
4.035885133966882
12.035869546141958
16.19999998807907
13.882132348949735
20.376348820302418
9.530244187125746
15.968599682136933
7.220118576479735
25.21682604070352
26.103480837526817
23.55840075804688
20.827612998569442
27.007551649647255
25.68585051915503
25.0506996443187
23.860890041242808
26.396807787092683
24.132789234609028
22.68504514203005
24.552227083945933
26.93004284280275
26.279019007951767
26.72547224648724
26.385598746602792
26.063069432068538
27.495254180691724
28.199999988079067
26.61887884572771
26.536947466698457
24.219599872827533
27.546958268901534
24.219329863786694
28.19999998807907
28.256757582900015
26.1606405887781
26.946997942528572
26.532879443789678
27.12278780343452
28.19999998807907
27.183370286700523
28.199999988079067
27.165002433798385
28.19999998807907
23.796517443292345
27.46041299392862
27.377271369981255
25.0498610763971
27.479731133192637
26.30245327965309
28.19999998807907
24.297832579860437
27.843572894727746
28.310669620166387
28.310701714312636
28.21955496817828
26.566768130690097
25.414453519937716
26.37714574795214
26.449708320030584
28.104209391143947
25.907587033896604
25.64481275211243
27.08427644929786
23.755080562348766
28.032147698742843
27.345762251208733
27.406643917956902
28.461016955696934
27.314676961322284
28.310702751355613
25.21114516811517
24.640883812273685
26.647170218893265
28.19999998807907
28.19999998807907
28.061776174261535
26.555451084499765
28.19999998807907
26.71158730856597
28.19999998807907
28.128541030169234
26.949634026370067
28.310702751355613
27.340360470938627
27.840319207753986
28.454806135263325
28.25703257688498
27.405302528662563
26.95384690117835
28.219502648338675
26.55593754618105
28.310702281736198
27.111785226447545
27.64552275487204
29.02238926060472
27.626620211426058
27.720469352919054
24.19999998807907
28.42800813651087
26.711550011537504
24.379139506493857
23.844684917232243
26.76887203130498
28.19999998807907
28.21959998831153
28.46101693089173
28.043658952794367
27.00889609134211
27.381404212798774
28.19999998807907
26.436901187300222
27.183369537489828
25.908147219191648
26.281950574191228
28.19999998807907
26.12342025655914
28.37913922170085
26.577645483937193
27.916009487826493
28.379117430703438
28.21924982964992
27.183351115601432
27.58828947945861
28.453031579481106
26.702793429819103
28.29504986691476
25.60963384136263
28.02291327194815
26.39044828932031
27.626549709730224
28.25688134311721
28.19999998807907
25.570368713047003
25.264568857280384
27.368737533920864
25.447569947393248
26.430174510302695
27.26907196923881
28.21959998831153
26.878945889826586
28.356393203769
26.458082474757706
28.028098422249073
27.451305046973673
27.33835595261276
28.31069316982608
28.06177617426154
25.692471321956884
28.19999998807907
27.327913202776173
28.256887772148858
28.249568025241864
28.21959541365504
28.25698824823966
28.45717119727995
24.375154224356972
28.310702740835207
28.257035983849256
27.100188414741556
28.19999998807907
27.949412476803744
26.679984782290312
27.844702805719294
27.359259673735345
26.404763538412613
27.75378748860197
27.997271722080765
28.25703598384926
26.712963436940978
28.25619723329519
28.19999998807907
26.940263756076426
28.254871092204265
24.459494839686478
27.626617500848326
27.183248620449067
28.120067024123948
27.591159092913504
26.68088644843061
28.55512526418174
28.0806518922593
28.310670899332635
27.183263469108127
28.19999998807907
28.21959998831153
28.19999998807907
27.897848052939782
27.037840561869345
25.541495658400734
28.25703598926955
29.729910697957315
25.591260792924505
25.689935427812223
27.95647008631039
26.71294680559693
28.21959998831153
25.69074302481425
28.379130579793138
28.21959998831153
25.00510921347783
28.219580734148625
25.250800257799312
25.90331030752806
28.543210997990563
28.257035989269554
28.19999998807907
27.6593486199857
28.310702740835207
26.37979187249881
24.545457168247992
27.488665737967956
28.19999998807907
26.007178224312387
28.254613286168745
25.05790838481068
