-2.8627662931754454
-1.0696362971079436
0.3845414357837187
1.2389107258493084
5.0255169801884945
-3.03572237900774
-2.1432690880777967
-0.04429644714982539
1.643472036047658
1.6819435566353285
3.7258959039532766
-5.7801501418269154
-0.1619983912289391
-3.557449393170481
1.9786917982799634
3.43714297983317
0.8809927973282866
-4.193145338598284
1.8841846731379377
-3.062592743472277
-0.27644486402973234
0.916965152443066
-3.111335788295474
0.6225433032189251
-0.7323142105188887
-1.0682755936070745
-0.6528730789950157
-4.260452000842088
1.7253893141796717
-0.895706010487614
-0.5021801648676292
3.1293512967385935
1.8124811907299367
-2.560414381907555
-2.203456101297336
0.3321722337004961
3.922732317806781
0.3296602062299896
-1.9581276675267327
-0.07144798289686338
3.556701120109726
0.1999999880790711
3.8936335181496866
0.10499753571115733
4.422589496841731
1.0577707898593105
0.19999998807907088
4.19999998807907
4.199999988079071
8.017496022589889
8.199999988079071
0.19999998807907104
0.19999998807907104
0.19999998807907104
0.19999998807907104
0.19999998807907104
0.36452232685346025
0.19999998807907104
0.19999998807907104
0.12422582934638937
0.19999998807907104
0.19999998807907116
0.8225912649026175
0.19999998807907104
4.199999988079071
0.19999998807907104
0.1999999880790711
0.19999998807907104
0.19999998807907104
0.09047946288362818
0.19999998807907104
0.19999998807907104
4.199999988079071
0.19999998807907104
0.19999998807907104
0.19999998807907104
0.19999998807907104
0.1999999880790711
0.199999988079071
0.19999998807907104
0.19999998807907104
0.19739053615794666
0.19999998807907104
0.19999998807907116
0.19999998807907104
0.19999998807907104
0.19999998807907104
0.19999998807907104
0.19999998807907104
0.19999998807907104
0.1877692030984789
0.19999998807907104
0.19999998807907104
0.19999998807907077
0.19999998807907104
0.19999998807907104
0.19999998807907104
0.19999998807907104
0.19999998807907104
0.1999999880790711
0.19999998807907104
1.96952549236922
0.19999998807907104
0.1999999880790711
0.19999998807907104
0.199999988079071
0.19999998807907088
0.199999988079071
0.1999999880790711
0.19999998807907104
0.19999998807907104
0.19737405078378578
0.19999998807907104
0.19999998807907104
0.1999999880790711
4.199999988079071
0.19999998807907104
0.19999998807907104
0.19999998807907104
0.19999998807907104
0.19999998807907104
0.199999988079071
0.199999988079071
0.19999998807907104
0.19999998807907116
0.19999998807907104
0.19999998807907104
0.18670817514864158
0.1999999880790711
0.19999998807907104
0.19999998807907104
0.199999988079071
0.19999998807907104
4.199999988079071
0.19999998807907104
0.19999998807907104
0.19999998807907104
0.19999998807907104
0.199999988079071
0.1999999880790711
0.1999999880790711
0.19999998807907104
0.19999998807907104
0.19999998807907104
0.19999998807907104
0.19999998807907104
0.19999998807907104
0.199999988079071
0.19999998807907104
0.19999998807907104
0.19999998807907104
0.19999998807907104
0.1999999880790711
0.19999998807907104
0.19999998807907104
-0.27040738916442786
0.19999998807907104
0.19999998807907104
0.19999998807907104
0.199999988079071
0.19999998807907104
0.19999998807907104
0.19999998807907104
0.18558287614250618
0.19999998807907104
0.1999999880790711
-0.08265410693252584
0.18171393620709697
0.19999998807907104
0.19999998807907104
0.19999998807907104
0.19999998807907104
0.19999998807907104
0.19999998807907104
0.19999998807907104
0.19999998807907104
0.19999998807907104
0.19999998807907093
0.19999998807907104
0.19999998807907104
0.19497031183496316
0.1999999880790711
0.19999998807907104
0.199999988079071
0.13895927059898772
0.19999998807907104
0.19999998807907104
0.19999998807907104
0.19999998807907093
0.19999998807907104
0.1127479390782653
0.19999998807907104
0.19999998807907104
0.19999998807907116
0.199999988079071
3.91632712156836
0.19999998807907104
4.199999988079071
0.19999998807907104
0.19999998807907104
0.19999998807907104
0.19999998807907104
0.17399193644188565
0.19999998807907104
0.19999998807907093
0.19999998807907104
0.19999998807907104
0.19999998807907104
0.19999998807907104
0.19999998807907093
0.19999998807907104
0.19999998807907104
0.19999998807907104
0.19999998807907104
0.1999999880790711
0.19999998807907104
0.19999998807907104
0.1999999880790712
0.19999998807907104
0.19999998807907104
0.19999998807907104
0.19999998807907104
0.19999998807907104
0.19999998807907104
0.19999998807907104
0.16506350462590985
0.19999998807907104
0.1999999880790711
0.19999998807907104
0.19999998807907104
0.1999999880790711
0.19999998807907104
0.10576851924772535
0.19999998807907104
0.1943161585368216
0.19999998807907104
0.19999998807907104
0.19921508803668136
0.19999998807907104
0.19999998807907104
0.1999999880790711
0.19999998807907104
0.19999998807907104
0.19999998807907104
0.19999998807907104
0.19999998807907104
0.19999998807907104
0.19999998807907104
0.19999998807907104
0.19999998807907104
0.19999998807907104
