0
0
-0.5067045877106153
-8.482490045962784
-4.245664136812483
-5.415202566658661
-8.792196890749558
-7.905863359635077
-11.409274848361601
-8.603906260831014
-7.955642057243207
-11.082244389752603
1.8000000119209285
-0.19600955234790196
-0.2825895922294889
10.89365301712097
-0.7763509259269663
-0.19124633060687612
0.08671813124660421
-0.011590738854648341
0.27040523555644325
4.790268060011522
16.087038472309583
14.878714917472962
7.464732972578102
4.199999988079071
8.199999988079071
0.19999998807907104
0.15006601812745363
4.199999988079071
4.199999988079071
1.4629517460829207
1.7922370716799836
0.19999998807907138
4.199999988079071
4.199999988079071
4.199999988079071
0.19999998807907104
0.19999998807907104
-0.9360455281939744
0.19999998807907038
0.1999999880790711
-1.0351601148868226
0.19999998807907104
0.19999998807907104
0.19999998807907104
4.199999988079071
-0.5792880149010671
1.9084174940861387
0.19999998807907104
0.19999998807907088
0.19999998807907104
12.125644569863548
9.441653014238735
0.19999998807907038
0.199999988079071
2.6947337145546424
0.19999998807907104
0.19999998807907104
4.199999988079071
4.199999988079071
5.455987139413647
0.19999998807907104
0.199999988079071
-0.21093517720866795
0.19999998807907093
8.199999988079071
0.19999998807907104
4.199999988079071
8.618608204151728
0.19999998807907166
0.19999998807907104
0.19999998807907104
0.02919282435504028
0.19999998807907093
0.19999998807907104
0.15025971053405696
-0.09512837974416244
0.1999999880790705
4.199999988079071
-0.602987640786915
4.199999988079071
4.199999988079071
0.19999998807907104
1.1428961717296195
-0.2445558315794948
0.07675883028030817
0.19999998807907093
8.199999988079071
0.19999998807907127
1.3796696758539955
0.19999998807907104
4.199999988079071
0.19999998807907104
8.199999988079071
4.199999988079071
0.19513505961837607
0.19999998807907104
4.199999988079071
0.19999998807907093
4.199999988079071
-0.4842880732898349
4.199999988079071
4.199999988079071
-1.6623446195342648
4.199999988079071
4.199999988079071
0.19999998807907104
0.19999998807907104
0.19999998807907104
0.19999998807907104
4.123554803633358
4.199999988079072
4.199999988079071
0.199999988079071
8.199999988079071
3.7739303058533045
9.062965290196662
1.465960937432876
-1.3875577934382752
1.3893264756297745
4.199999988079071
4.199999988079071
4.199999988079071
-0.6781768480864365
0.19999998807907104
-0.7037568810348551
0.1999999880790711
1.0850989766344794
0.19999998807907104
0.199999988079071
0.1999999880790706
0.19999998807907104
1.4039309383530258
0.5130956895619616
0.19999998807907104
1.3315261293293366
0.19999998807907116
0.1999999880790711
0.19999998807907038
1.2993916331847266
0.19999998807907104
4.199999988079071
4.199999988079071
-3.7712261932856155
4.1772459457031985
4.199999988079071
-1.0990697743996538
3.5718103169721376
4.199999988079071
4.199999988079071
4.199999988079071
0.19999998807907127
0.12465850434910003
0.19999998807907104
4.199999988079071
0.19999998807907104
-0.3536879792176162
0.19999998807907032
1.4658375410395537
1.4336293163267688
1.358490481108546
4.199999988079071
0.19999998807907104
0.199999988079071
0.19999998807907127
0.19999998807907116
-0.03264796428040462
-0.48917134732034895
0.07918426573942539
-0.16767835014844545
0.19999998807907138
4.148703191419956
0.19999998807907104
-0.7503147718914058
0.8006463371889714
0.19999998807907104
8.199999988079071
0.19999998807907104
2.398070896352146
2.6243104397343533
-1.1752121296872011
8.199999988079071
0.19999998807907104
0.19999998807907104
2.8800105277285497
0.19999998807907093
-0.47613924630295446
0.19999998807907093
4.199999988079071
0.14575766916112276
4.199999988079071
0.19999998807907082
0.2182025776880938
0.19999998807907138
4.199999988079071
4.17036339053004
5.414039880389024
0.19999998807907104
1.469684630978181
0.19999998807907104
1.4659607555737295
4.199999988079071
9.43349217432457
4.199999988079071
4.199999988079071
0.19999998807907104
0.19999998807907104
0.19999998807907104
0.19999998807907104
0.199999988079071
8.199999988079071
8.199999988079071
0.19999998807907104
4.216333320364356
4.199999988079071
4.199999988079071
3.312868870334992
0.19999998807907127
-1.0018569411998304
4.199999988079071
0.1999999880790716
0.07659711062266095
4.17904170271775
4.199999988079071
0.19999998807907116
0.19999998807907104
0.19999998807907104
4.199999988079071
0.19999998807907104
0.199999988079071
0.19999998807907104
8.199999988079071
-1.5103721475361986
0.1999999880790706
0.1999999880790716
4.199999988079071
0.19999998807907104
0.19999998807907104
4.199999988079071
12.19999998807907
3.5343080706931778
0.21801984496414667
4.17752308517403
-1.5388914739991995
2.8766064361359347
2.756322264895415
4.199999988079071
4.199999988079072
0.19999998807907104
0.19999998807907104
10.404769485273622
4.199999988079071
4.199999988079071
8.199999988079071
0.19999998807907104
