-3.0368969207947787
2.0632708222773495
-0.4816032600772141
-4.7791556696250925
2.655857553408592
-0.09539056801080081
-2.3388251085164553
0.058712757723085374
-0.9560835313202312
-0.5830790726703059
3.9185194251921995
-2.587431818806658
-0.42180290375425855
7.630586535753131
-7.457846019571944
-2.7127732422854103
1.6776902821839128
4.3642826595761175
-1.39267784021103
-1.297089932789361
-1.241508357278717
0.481789052535761
5.379599535062221
-0.6347828522412224
-0.2604597444539868
1.2663531878849288
3.1290776247473326
-0.33773264071289155
0.979443609319546
4.286678869144185
0.9236436036131931
-0.09076962859788273
2.5741372359859738
0.8561033877795634
5.437176189873025
3.2092398087488734
3.64188863495905
0.730919992572192
1.7681568820331353
3.4975467761875727
1.1117116502218938
3.744699199217401
8.815615497106666
2.194047392103708
2.4096392271405658
7.804142026547882
12.978920090875018
7.387859277576819
8.303651987555973
5.532471670363483
15.021302594373022
7.199999988079072
7.30573496012594
6.140855584476077
7.199999988079071
5.199999988079071
0.199999988079071
7.199999988079071
10.195619179940557
13.199999988079071
8.199999988079071
0.19999998807907104
7.9023497924593284
3.199999988079071
0.10721646912397231
0.19999998807907104
0.19999998807907104
0.199999988079071
5.199999988079071
6.660348311340455
3.8245064283365875
3.199999988079071
7.414790404309048
0.19999998807907116
14.199999988079071
6.243794746788432
13.19459354212563
0.19999998807907104
2.497917916543405
5.193121729009692
12.37662592552408
15.351545305161146
11.475034008053385
5.2077143243514
3.902933795169659
14.026457841414661
16.19999998807907
6.199999988079071
17.955382214874394
3.251165297525053
13.199999988079071
6.176089111177893
10.89236952341278
15.163391625646291
10.199999988079071
19.03128961577975
6.667004725837378
14.199999988079071
7.526314220351928
11.028836547161934
10.242674030343707
15.933441486165783
15.352344880009428
22.940917054538318
17.367120817968598
8.6577975420855
19.39628015325212
15.199999988079073
14.017641270335977
17.19999998807907
18.199999988079075
5.56404932706973
16.21062366478145
21.879058849020545
22.56204264139872
18.388281919745364
22.438967357136278
25.43668953988351
14.253081006751128
14.485314448135068
18.10839181587381
22.63131459954554
19.199999988079075
13.763215928210261
19.325022741390633
17.437395129908925
23.55043128136512
21.85767773352272
19.220192100192257
23.011322895806334
11.60315000681813
17.54877253287585
15.68891248370354
16.669926550955196
24.959466572022716
17.59619551772518
16.690640051872684
18.19999998807907
19.582584477578674
16.19999998807907
17.232975051153147
18.011626923878296
15.199999988079071
21.19999998807907
14.973455501565116
19.170537785703694
16.64288155801151
22.239646489663194
24.19999998807907
27.211085596121848
21.19999998807907
26.356675631938042
23.42378119197742
26.301307992216273
23.65393855320695
25.278702727256285
25.894464147993286
19.82153271005784
22.705226267194995
25.476979911178248
20.19999998807907
24.06136994983069
21.06011852826263
20.7330279846188
18.444519017762254
20.09369067774727
24.007950551383594
25.19999998807907
26.36796406492855
24.173597975808335
25.911487647939826
23.303491116414342
19.560451932365336
24.443549358119107
23.901877031725917
27.84454874970723
29.19999998807907
25.33235811169247
27.831090546951767
29.626342109674404
26.363926021366023
17.559299610731486
29.116680791166992
27.427275259900043
24.148059165914226
29.260560339008645
26.6513076919611
30.357689924540534
27.878594608088342
31.90754878123841
25.25703593167657
29.636799385630773
23.219599584117535
28.891763792366817
23.808490427539297
29.366733981438337
27.37913891855057
29.639726625470253
29.873913941153738
24.147684548927497
30.183802060241707
31.256481545125954
30.244997939179726
27.212399711585977
30.580761870468947
29.027518297421175
28.83580702622623
20.19999998807907
25.19999998807907
17.239148918277735
31.379139506493857
29.199999988079067
30.310702751355613
31.40420033908303
30.24028109032682
27.30363599187842
24.07818290493583
28.190987880416447
23.666858508849216
30.521906670520796
25.826359542519278
25.843709323571048
27.370777907798807
26.97775957893277
31.888298761224977
23.504739493867753
24.71090342002878
25.678658584383648
14.199999988079071
26.36990415858238
20.19999998807907
29.156294920510387
31.19999998807907
26.189183191829315
28.920547463495836
32.24294727916615
24.659588685967414
18.19999998807907
14.199999988079071
27.329212050020075
29.63085357443094
29.557718250021935
29.188593877195512
21.19999998807907
24.814317953118284
30.199999988079075
32.54616308596259
28.881463149153262
30.962526708891403
28.258851197714552
29.146609840103324
28.35835189968615
30.211091685770587
33.017424685038215
