4.787609313564593
-1.762495826413689
-1.761704019742759
0.4420922145892341
2.20762397660649
-3.0492951003714888
-1.7130349212353724
3.9588136845896926
-1.5599468669825458
0.2088954439386725
-2.461574626111693
2.1913410801413784
-0.718042600921744
1.9203930899513237
2.9073590991559977
3.5125881247991755
-3.8509786587433528
-1.0826436153930143
-1.6581460855233692
2.1435806047272923
-1.381840065939129
2.3031223665435903
-3.7724104105331824
4.66529115931673
-0.7774880467949465
-0.1286495342068309
-0.1344919671413568
7.058762721341928
0.10306521788281409
8.941352375913072
0.37455046267102254
2.754883722492481
3.336701231850107
1.944731705306655
3.7375873409546267
7.27722961904442
5.824217191817284
8.309591878720347
4.199999988079071
6.126157939069909
3.7888403744426
6.618218708340109
1.866190459233442
11.22709172091427
4.550448449207872
7.335576967759516
15.10322246570102
7.659704305018088
4.446781476363262
6.7809954682262354
8.188630542080826
6.9076895958949995
11.957971879425047
15.00958820737359
13.684078362728076
14.397873131899118
11.817394348070817
14.423592544360016
3.982604858592932
6.772009399685837
14.220453867385476
16.248301354673856
14.199999988079071
11.148393692312483
17.098168913401803
15.885774862693843
12.828185217557277
15.45885887354376
16.7614154756928
10.90139431029785
18.19999998807907
16.154313670983555
4.228933050145336
9.441296871268316
13.189664027763815
18.709658908817183
13.99027484956464
16.76808790708805
14.199999988079071
14.285659263414145
16.281453880558395
16.090897411012527
21.753143288314714
18.656371617721206
22.0849949403668
14.05855233082177
17.515487797887445
23.180746996581327
19.19999998807907
19.177257997051107
17.87051054407143
22.15276874427538
25.19999998807907
21.22609372492042
19.994417702371884
15.199999988079071
17.685391944850153
23.72595837821761
18.533219598486593
22.81046310972527
21.903426209432364
20.868646373431098
24.89868686260839
16.345349450386358
21.41348943004118
26.017012075953247
24.074399050877624
24.77161111933201
22.309287741098345
23.199999988079075
21.34068277921257
19.78794049427681
24.19999998807907
23.199999988079075
25.30780499405602
24.03494996808088
23.12986568023922
23.58598165391745
23.429933388637075
23.19999998807907
23.114790932983063
19.04209048043449
22.458367417576234
22.501568410456922
25.28865804249119
20.12204559712396
20.266679960597067
20.708311311698647
23.312828455862537
21.48552427146361
29.065435593587008
20.107766364773354
25.67202948990272
21.175330000251346
21.526844307603152
24.744197034669188
27.348358658337332
28.567825823383725
27.304621821055132
26.669157647601786
24.604399646368645
31.582610287306366
24.01864746845032
24.402647460101278
29.841535523683135
28.183304304209784
27.260553019537053
26.294169501000415
24.19999998807907
27.103988398935783
24.19999998807907
23.41291600566365
25.257035974871307
26.258312309701417
22.725954621788958
26.27538143863619
26.17762513273327
30.104119062600326
28.943428315547372
28.69381000961592
27.80287643579112
27.183366192985517
29.06173466364094
27.19999998807907
23.492145567642474
31.21938655897975
28.294926448818185
35.016931050284064
30.380492302070582
27.404928277225604
24.929001114372134
26.19999998807907
29.65903405442912
28.23687350184689
25.19999998807907
27.22062501286903
28.015682032465055
24.69336020350797
27.36313740557546
28.448238709805118
31.089220799909487
29.92840037418528
32.49922788381362
29.19999998807907
26.2577120653199
25.09920769533192
22.45965515008772
31.199999988079067
24.66036411365299
32.382235195330956
31.71686975509045
25.494462811325086
25.449620898235672
26.608010558603134
26.908142693579535
24.62662025465101
30.149008486595186
27.6791402531344
6.395375697342221
19.449191216908936
13.23730678607025
23.554704343279774
28.855995227568414
30.19999998807907
30.36942110424774
29.02423872504372
30.199999988079075
28.959928326120984
28.348700906334777
30.17882662445366
31.50662380696772
29.13101141909552
28.219599787145853
30.01200517463095
31.272671949092697
32.06623325806502
23.446793041774626
26.19999998807907
26.226927593934317
30.225725792191163
32.22496133026061
29.660351235615597
27.991513143214874
27.33577413532724
32.2946407574193
28.660356032013496
30.955208676020554
32.68588734632868
31.29433209746672
29.830139310675378
28.297391781484492
18.257035974871307
26.66036415740274
23.37913950649385
33.19999998807907
23.51696131527827
24.379139506493857
24.269744003525524
26.19999998807907
31.95384975068565
26.485593523236236
26.803076458683215
25.908147242468253
26.19999998807907
26.854131385850767
28.19999998807907
28.811152456703805
29.005960030853487
27.764283386614213
26.123420969348633
30.09486933008798
31.057600264664377
30.221823303947616
25.96000444125679
27.404957358512505
29.687200026803506
