-5.8582074658543
-0.45581085950066347
1.560233176932702
-2.230075762716351
-4.325315064429744
-0.9274722538323861
-2.018253548486813
-5.769956007166261
-6.3702426564341685
2.0481620170780506
1.1689079741668056
-11.837409121449681
-4.084746850707232
0.14963946711986043
-1.8175528149403655
-4.000901664137798
-0.19525837350583874
1.098344104606415
8.58245918279396
3.832636808096554
14.12183270556931
0.19999998807907104
9.199999988079071
13.142556013773458
0.19999998807907116
7.64487090683296
-0.580772524628224
0.19999998807907116
9.199999988079071
0.19999998807907104
5.766749875845855
0.19999998807907104
9.199999988079071
0.199999988079071
0.19999998807907104
0.49498864280384935
0.19999998807907104
0.199999988079071
0.19999998807907104
8.199999988079071
3.199999988079071
0.19999998807907138
12.112087527178627
10.199999988079071
0.19999998807907104
0.19999998807907093
-0.019353484499554652
6.199999988079071
0.264517645735501
-1.6716556356333236
8.199999988079071
5.199999988079071
0.24073725608414992
3.1999999880790715
4.292096716543554
0.19854812917765247
5.092838728281631
5.97148358942743
0.19999998807907104
2.295662859857088
0.3463611177545104
0.2914707820977981
0.19999998807907193
0.21733595587553917
0.19999998807907104
0.19999998807907082
0.1999999880790715
-0.5963527869211807
0.17167828438160665
1.5784106544426861
17.19999998807907
12.294029248746748
18.19999998807907
14.70042961728836
29.5401369020286
13.29364571545714
8.199999988079071
18.19999998807907
21.257034946858813
25.698697349438532
13.85644835577969
28.92911649787332
10.832918754445894
25.199999988079067
4.6284326987850495
26.18526805566489
27.91093884317939
30.06070521969649
27.24781355020858
23.44115810860275
22.058288994322584
26.93960170711214
26.7835247598717
22.533606818383923
20.55544097418747
28.496985998629697
25.4974020977932
19.108565215634712
27.88516081874752
26.54651597439014
29.731436830803972
27.518037625335804
27.553499841936492
0.32848017125914375
27.796203877541632
27.16240003781584
29.457541942048408
24.922577857972932
25.702760805330243
25.27400371925944
18.86491608106227
30.066928451817287
27.16380220771527
27.08306346959344
27.83257647731942
26.438242990934413
26.395393843772954
29.36622053015995
29.19999998807907
23.890526783852106
28.37802116998993
25.337369318723034
28.67371347557161
26.08474024876548
28.219532353253534
25.54014797125639
29.631846958057544
3.411281496502984
27.514848572991617
24.37913576752309
0.2480777225794385
27.057920812031966
24.19999998807907
27.044497431017046
26.862327269401884
27.87623365724547
0.4668477383935021
26.580283675333625
24.991371591942183
28.33575041553952
26.25682178284017
30.43839534604883
25.536131637865573
24.515381036187968
26.836972805147088
27.977160993995493
26.912351527531705
27.568983391378246
21.47504299853647
26.511098370923833
29.415525747249568
26.024024366348833
26.701938942959742
28.54782279683292
26.83526191538051
26.795943333837634
29.92986983258445
21.702847673526954
23.198737821499893
25.19999998807907
28.56882269319486
27.19999998807907
27.5535965535082
30.25701699686399
26.741981482294108
26.252222274571658
17.374938353719962
29.351681615372733
26.409845261216173
27.02224573604127
30.082823833790645
26.055202729566176
27.290855988312757
28.528351104838364
28.318261626311113
26.268513001923917
27.21956059895456
28.30910382451473
28.608247397137884
25.19999998807907
25.950361712888167
30.953752022597058
16.442676265334185
28.561412323236397
24.70422649674149
27.96583654066949
22.698360378554323
25.45086850785306
25.5230254817259
27.06459279361784
28.757618326685705
27.71197607457912
27.988274581866406
25.930593289162992
24.420990400206932
26.756458860689442
26.66540582128471
23.32051881520478
15.447535378673404
30.463814154293697
28.60629373458279
21.009441863422484
12.561987092110812
26.62455553942397
26.801360686097418
27.291859538056023
22.53402301011188
19.56054411853646
26.857863903617353
26.678980047976015
26.797832647586745
24.15003930605988
26.910134797306227
29.10690847962637
27.345258479088542
24.705605564483474
28.403616387139017
25.187657230265593
27.255423612330404
25.3100855501951
25.519673328362053
16.382250834905573
25.811594707151883
27.60949032182176
27.13579798902823
27.891984695206784
24.903577634195983
18.786229074290617
30.257035398941422
28.58779836697183
23.310290008125925
27.19999998807907
28.01831621705799
24.51457121934734
30.061152577016692
26.133360862202053
21.970281421538814
26.205446752801464
22.58070495958407
25.280068032526863
26.381459380280358
14.740987318066788
24.782588230103954
26.828631147851205
9.228908563040655
26.15007282759573
25.863258349498377
23.86596016472503
23.539959590504075
24.95962562455864
24.44179527890705
27.32595118973721
26.381260872580523
24.19999998807907
24.453837715971154
24.244401761376995
0.4668477383935021
23.394910449726556
