0.7729721598518426
4.238007447746303
4.952094699880526
6.162257353719037
2.338939439585846
1.382006859526544
5.925464961855629
-0.3329416538870289
5.028770887294691
-2.2457349391642625
1.99300021516895
-0.962401642193601
-0.5275605371122487
7.75965883285752
3.979046011349433
2.29293585367789
13.38839196445999
19.176642401930714
15.995098153860761
18.031864959170818
21.84532477345548
21.473685323230637
22.312145796431945
26.110425425329723
16.19999998807907
13.216308537870646
13.199999988079071
11.90636245333677
0.19999998807907077
18.890743668206497
28.031235458027165
16.066116741589333
27.477539168164487
6.052369877640526
12.156259576328376
13.683985147458113
19.43287701533926
20.19999998807907
19.379135880269427
19.202096262015402
20.205444337800145
19.05418756224185
31.16973098347979
9.032426099899332
10.041692487485939
25.921769183565967
29.06822949642612
19.121578054833904
19.32754383355522
27.178195101576364
23.849182518383074
25.443981978175273
23.32264597279939
12.263320511931916
22.19999998807907
18.099049829580977
19.70913894439817
28.84407994610005
27.129435733825474
6.394634932031186
12.696604998097445
22.552119376832376
29.199999988079075
14.23649426219512
22.03768251103945
22.985112342075933
26.923250083535272
19.194313241168857
19.7277943560318
21.687177293623336
20.19999998807907
28.19999998807907
31.2735058228562
32.14607869042075
30.740256433967822
32.94094460251294
25.845690215172706
20.55657318580107
29.800737495376524
18.253116843988284
25.66204631251066
8.45194812374584
25.824835629635174
28.13338179959482
27.19999998807907
26.659375984139032
25.242445139683536
20.846415626345546
28.8821830321778
26.18212895027245
28.390863466647943
24.096225159550144
25.48107239620354
28.818902111657085
25.255469047753362
28.209336443627002
26.015369819726867
24.908777795777752
27.540871957152028
26.865450985378818
28.224150532094143
31.19999998807907
20.19999998807907
23.43964504316068
20.00654039237449
26.372683780843737
26.0461141950376
24.780163286362175
25.803926686461317
30.21167844716367
22.01540792145668
24.82766519918153
22.108010970708936
28.522808311223304
25.057906295935986
24.511549015041506
25.515011180440204
29.739841119141673
16.74258787852718
25.44809133249671
30.215482954867184
21.80152522801371
31.058859448375713
24.410836707842257
25.685703086984773
23.38843290060665
23.86267347425956
25.224699763328413
28.866458008852888
21.974208178103112
23.300234825726744
29.653837463404155
19.65612569809103
22.070934633595634
26.687374717924357
28.440358208216665
25.85153897824631
27.02422867483021
27.69350120507287
24.060229318731256
24.212207189161994
19.742443003668527
28.19999998807907
24.162545818799117
28.103234899382766
25.189215068417255
24.524596635801373
25.489516507963877
24.942626878727438
21.078444926571947
25.52344625511561
23.013585327213406
24.272237039750053
25.19999998807907
25.810196364414054
25.602082965865847
22.155146290991432
28.637772895875592
24.461087102195165
25.946035409049607
24.36758449469685
25.07778440592255
24.535975340710582
26.368181407822966
26.595122654790252
22.883858426616886
27.500485084030686
25.566004478417515
24.529012368414676
26.378599305155937
27.21959950402379
24.353036395383064
20.939710563148292
23.173760092221578
23.144923828978193
23.15242011238467
25.08311853671411
27.364553842824012
22.54217638432359
24.71494752363836
27.05705672175634
24.558292862432793
26.979284269294475
21.819027704508457
26.04017194694671
26.19999998807907
23.8380113388973
26.088898979952585
23.373873518357296
28.24123624499638
28.61967531393777
24.490454295206376
23.81072771408889
26.199999988079067
22.526524695577194
23.711596936757502
25.778094809191412
24.14683189123636
23.153585984264588
26.620102242503158
25.672661121934794
27.37942034515423
22.88218466294532
28.027171221049745
20.55399844907306
24.74888054051602
23.352798617801152
22.93726533717954
25.485606292553374
24.77152445074021
22.472019339176537
24.59497598028573
23.103772089720902
26.040823726725478
23.144705554462547
21.91496459398845
23.19999998807907
21.78426378362272
25.015739435072774
26.321546331127205
25.69263682365525
23.828190082352094
28.406227565574966
22.935506979389707
26.353216347288075
28.199999988079075
25.610288987974236
24.477636614902472
23.695038196056046
23.77303693285129
23.753043792779614
24.88307116571655
22.578251253408894
29.665435128887623
23.95165389178794
21.72780104741402
27.110020054471892
28.805792318396897
21.958387959630812
25.757430604279193
26.78405698273405
25.581235182800405
24.57250558364982
22.313091202199814
22.160767098871325
25.652633286718626
24.57774326998404
23.375746469257226
21.68062550742082
22.923505869802565
26.77173176586222
21.811078278250683
26.893714523563524
24.670420640236795
27.28850867948105
22.60979530244527
28.161502139975106
23.984154378437577
24.016729023110422
